Date,Open,High,Low,Close,Volume
2026-05-25 12:56:00,77391.67000000,77391.67000000,77391.66000000,77391.67000000,0.42427000
2026-05-25 12:57:00,77391.66000000,77391.67000000,77378.00000000,77378.00000000,6.55609000
2026-05-25 12:58:00,77378.00000000,77378.00000000,77338.44000000,77338.45000000,5.41822000
2026-05-25 12:59:00,77338.45000000,77357.50000000,77333.33000000,77357.50000000,3.35197000
2026-05-25 13:00:00,77357.50000000,77364.27000000,77357.49000000,77360.01000000,2.96513000
2026-05-25 13:01:00,77360.01000000,77360.01000000,77308.62000000,77318.89000000,5.82896000
2026-05-25 13:02:00,77318.89000000,77329.02000000,77300.01000000,77314.80000000,4.88134000
2026-05-25 13:03:00,77314.80000000,77314.80000000,77286.50000000,77289.69000000,10.85808000
2026-05-25 13:04:00,77289.69000000,77341.39000000,77289.69000000,77323.99000000,5.45636000
2026-05-25 13:05:00,77323.99000000,77357.08000000,77320.01000000,77357.05000000,2.99824000
2026-05-25 13:06:00,77357.06000000,77357.06000000,77354.15000000,77354.15000000,4.82669000
2026-05-25 13:07:00,77354.16000000,77354.16000000,77342.57000000,77342.58000000,2.82602000
2026-05-25 13:08:00,77342.58000000,77342.58000000,77330.67000000,77330.68000000,3.92604000
2026-05-25 13:09:00,77330.67000000,77338.01000000,77322.93000000,77327.81000000,2.66557000
2026-05-25 13:10:00,77327.80000000,77327.81000000,77327.80000000,77327.81000000,3.54692000
2026-05-25 13:11:00,77327.81000000,77354.04000000,77327.80000000,77354.03000000,2.55647000
2026-05-25 13:12:00,77354.03000000,77371.91000000,77354.03000000,77371.90000000,5.84390000
2026-05-25 13:13:00,77371.90000000,77371.90000000,77357.75000000,77365.33000000,7.87446000
2026-05-25 13:14:00,77365.34000000,77365.34000000,77365.33000000,77365.33000000,2.38698000
2026-05-25 13:15:00,77365.33000000,77369.05000000,77359.11000000,77359.11000000,4.76182000
2026-05-25 13:16:00,77359.11000000,77374.86000000,77359.11000000,77371.42000000,3.16633000
2026-05-25 13:17:00,77371.42000000,77371.42000000,77334.29000000,77334.29000000,4.03339000
2026-05-25 13:18:00,77334.30000000,77334.30000000,77326.41000000,77326.42000000,1.77522000
2026-05-25 13:19:00,77326.42000000,77361.30000000,77326.42000000,77361.30000000,4.49519000
2026-05-25 13:20:00,77361.29000000,77361.30000000,77361.29000000,77361.29000000,0.70495000
2026-05-25 13:21:00,77361.30000000,77361.30000000,77340.00000000,77340.00000000,2.70127000
2026-05-25 13:22:00,77340.00000000,77340.01000000,77324.21000000,77324.22000000,2.90386000
2026-05-25 13:23:00,77324.22000000,77399.80000000,77324.21000000,77371.44000000,25.41734000
2026-05-25 13:24:00,77371.45000000,77387.56000000,77363.99000000,77387.56000000,6.31959000
2026-05-25 13:25:00,77387.56000000,77407.41000000,77387.54000000,77396.46000000,4.19632000
2026-05-25 13:26:00,77396.46000000,77396.46000000,77382.00000000,77382.01000000,3.29833000
2026-05-25 13:27:00,77382.01000000,77407.41000000,77382.00000000,77395.55000000,6.91587000
2026-05-25 13:28:00,77395.56000000,77420.86000000,77395.55000000,77420.86000000,3.67747000
2026-05-25 13:29:00,77420.86000000,77420.86000000,77388.53000000,77394.75000000,5.23518000
2026-05-25 13:30:00,77394.75000000,77415.37000000,77394.75000000,77415.37000000,3.91562000
2026-05-25 13:31:00,77415.36000000,77420.86000000,77401.48000000,77401.48000000,4.11701000
2026-05-25 13:32:00,77401.48000000,77401.49000000,77401.48000000,77401.48000000,0.95164000
2026-05-25 13:33:00,77401.49000000,77401.49000000,77370.19000000,77377.92000000,5.48563000
2026-05-25 13:34:00,77377.92000000,77387.63000000,77377.92000000,77379.14000000,1.64209000
2026-05-25 13:35:00,77379.14000000,77391.25000000,77379.13000000,77391.25000000,2.43716000
2026-05-25 13:36:00,77391.24000000,77399.40000000,77391.24000000,77399.11000000,1.77546000
2026-05-25 13:37:00,77399.10000000,77401.50000000,77399.10000000,77400.85000000,3.63002000
2026-05-25 13:38:00,77400.84000000,77400.85000000,77356.70000000,77356.70000000,5.12940000
2026-05-25 13:39:00,77356.70000000,77367.43000000,77356.70000000,77358.72000000,4.61892000
2026-05-25 13:40:00,77358.71000000,77358.72000000,77358.67000000,77358.67000000,1.50884000
2026-05-25 13:41:00,77358.67000000,77358.68000000,77354.32000000,77354.33000000,1.83812000
2026-05-25 13:42:00,77354.32000000,77354.33000000,77354.32000000,77354.33000000,3.09702000
2026-05-25 13:43:00,77354.33000000,77358.47000000,77354.32000000,77358.46000000,6.51061000
2026-05-25 13:44:00,77358.47000000,77358.47000000,77358.46000000,77358.46000000,0.74406000
2026-05-25 13:45:00,77358.46000000,77358.47000000,77305.41000000,77322.43000000,16.04621000
2026-05-25 13:46:00,77322.43000000,77331.20000000,77320.27000000,77320.28000000,3.00613000
2026-05-25 13:47:00,77320.27000000,77320.28000000,77309.16000000,77309.60000000,2.43787000
2026-05-25 13:48:00,77309.59000000,77311.79000000,77299.53000000,77311.79000000,2.58923000
2026-05-25 13:49:00,77311.79000000,77337.47000000,77311.79000000,77337.47000000,3.28006000
2026-05-25 13:50:00,77337.47000000,77337.47000000,77330.89000000,77330.90000000,6.38857000
2026-05-25 13:51:00,77330.89000000,77337.47000000,77330.89000000,77337.47000000,1.39338000
2026-05-25 13:52:00,77337.47000000,77359.71000000,77337.46000000,77359.70000000,2.60607000
2026-05-25 13:53:00,77359.70000000,77372.91000000,77359.70000000,77372.02000000,1.11842000
2026-05-25 13:54:00,77372.03000000,77401.50000000,77372.02000000,77398.85000000,1.71560000
2026-05-25 13:55:00,77398.86000000,77419.85000000,77398.85000000,77419.85000000,8.05981000
2026-05-25 13:56:00,77419.84000000,77440.46000000,77414.00000000,77440.45000000,6.44841000
2026-05-25 13:57:00,77440.46000000,77440.46000000,77409.03000000,77409.03000000,4.08660000
2026-05-25 13:58:00,77409.04000000,77409.04000000,77388.16000000,77388.16000000,2.95543000
2026-05-25 13:59:00,77388.17000000,77388.17000000,77367.98000000,77367.98000000,2.70915000
2026-05-25 14:00:00,77367.98000000,77367.99000000,77345.84000000,77345.86000000,3.52734000
2026-05-25 14:01:00,77345.86000000,77376.64000000,77345.85000000,77376.64000000,2.80629000
2026-05-25 14:02:00,77376.64000000,77398.22000000,77376.64000000,77389.46000000,3.52314000
2026-05-25 14:03:00,77389.47000000,77394.16000000,77384.22000000,77394.16000000,2.83026000
2026-05-25 14:04:00,77394.16000000,77418.01000000,77394.15000000,77418.01000000,3.77301000
2026-05-25 14:05:00,77418.01000000,77418.01000000,77406.41000000,77417.99000000,4.19965000
2026-05-25 14:06:00,77417.98000000,77450.00000000,77417.98000000,77438.64000000,4.30228000
2026-05-25 14:07:00,77438.65000000,77438.65000000,77436.18000000,77436.18000000,2.45863000
2026-05-25 14:08:00,77436.19000000,77439.83000000,77436.18000000,77439.82000000,0.70555000
2026-05-25 14:09:00,77439.82000000,77439.83000000,77415.03000000,77415.04000000,2.15758000
2026-05-25 14:10:00,77415.04000000,77415.04000000,77410.53000000,77410.53000000,0.78582000
2026-05-25 14:11:00,77410.54000000,77410.54000000,77371.65000000,77371.66000000,5.33279000
2026-05-25 14:12:00,77371.66000000,77371.66000000,77324.00000000,77324.01000000,2.60839000
2026-05-25 14:13:00,77324.00000000,77327.20000000,77324.00000000,77327.19000000,2.44745000
2026-05-25 14:14:00,77327.20000000,77327.20000000,77318.73000000,77323.81000000,3.76459000
2026-05-25 14:15:00,77323.81000000,77323.81000000,77318.73000000,77318.74000000,0.97509000
2026-05-25 14:16:00,77318.73000000,77355.74000000,77318.73000000,77354.39000000,7.51277000
2026-05-25 14:17:00,77354.38000000,77354.39000000,77354.38000000,77354.39000000,0.79263000
2026-05-25 14:18:00,77354.39000000,77354.39000000,77314.00000000,77314.00000000,4.08947000
2026-05-25 14:19:00,77314.01000000,77314.01000000,77302.06000000,77302.06000000,1.52951000
2026-05-25 14:20:00,77302.06000000,77316.76000000,77286.50000000,77316.76000000,4.97261000
2026-05-25 14:21:00,77316.76000000,77347.74000000,77316.75000000,77347.73000000,1.84796000
2026-05-25 14:22:00,77347.74000000,77347.74000000,77344.00000000,77344.00000000,2.53716000
2026-05-25 14:23:00,77344.01000000,77344.01000000,77334.64000000,77334.64000000,1.50067000
2026-05-25 14:24:00,77334.64000000,77343.91000000,77334.64000000,77343.90000000,1.63020000
2026-05-25 14:25:00,77343.91000000,77343.91000000,77329.90000000,77329.90000000,2.67182000
2026-05-25 14:26:00,77329.91000000,77369.15000000,77329.91000000,77338.92000000,6.58977000
2026-05-25 14:27:00,77338.92000000,77338.93000000,77334.00000000,77334.00000000,1.18379000
2026-05-25 14:28:00,77334.00000000,77337.59000000,77332.17000000,77337.58000000,2.31854000
2026-05-25 14:29:00,77337.59000000,77337.59000000,77325.00000000,77334.01000000,6.75932000
2026-05-25 14:30:00,77334.01000000,77343.30000000,77334.01000000,77341.96000000,1.80250000
2026-05-25 14:31:00,77341.97000000,77354.77000000,77341.96000000,77354.76000000,4.81302000
2026-05-25 14:32:00,77354.76000000,77354.77000000,77354.76000000,77354.76000000,0.75069000
2026-05-25 14:33:00,77354.77000000,77364.20000000,77341.96000000,77341.97000000,3.28459000
2026-05-25 14:34:00,77341.97000000,77341.97000000,77323.67000000,77323.67000000,12.90935000
2026-05-25 14:35:00,77323.59000000,77333.34000000,77313.37000000,77333.33000000,2.94223000
2026-05-25 14:36:00,77333.34000000,77346.01000000,77314.69000000,77314.70000000,3.70893000
2026-05-25 14:37:00,77314.70000000,77335.42000000,77314.70000000,77335.41000000,2.36644000
2026-05-25 14:38:00,77335.41000000,77335.42000000,77298.00000000,77315.42000000,4.40728000
2026-05-25 14:39:00,77315.42000000,77339.81000000,77315.41000000,77339.80000000,3.16909000
2026-05-25 14:40:00,77339.80000000,77339.81000000,77320.35000000,77322.67000000,5.42529000
2026-05-25 14:41:00,77322.67000000,77322.67000000,77312.48000000,77315.99000000,2.02399000
2026-05-25 14:42:00,77315.99000000,77323.99000000,77315.99000000,77323.99000000,1.19866000
2026-05-25 14:43:00,77323.99000000,77323.99000000,77322.00000000,77322.01000000,3.31245000
2026-05-25 14:44:00,77322.00000000,77356.31000000,77311.87000000,77356.31000000,19.29899000
2026-05-25 14:45:00,77356.32000000,77359.99000000,77324.01000000,77324.01000000,4.94033000
2026-05-25 14:46:00,77324.02000000,77328.00000000,77324.01000000,77327.99000000,0.65913000
2026-05-25 14:47:00,77328.00000000,77331.61000000,77327.99000000,77328.40000000,0.97190000
2026-05-25 14:48:00,77328.40000000,77328.40000000,77328.39000000,77328.40000000,1.88644000
2026-05-25 14:49:00,77328.40000000,77343.98000000,77328.39000000,77343.98000000,1.34432000
2026-05-25 14:50:00,77343.98000000,77349.08000000,77343.97000000,77346.70000000,2.88963000
2026-05-25 14:51:00,77346.70000000,77346.70000000,77310.07000000,77314.00000000,3.07325000
2026-05-25 14:52:00,77314.00000000,77316.01000000,77314.00000000,77316.01000000,1.07543000
2026-05-25 14:53:00,77316.01000000,77346.99000000,77316.00000000,77338.01000000,4.25478000
2026-05-25 14:54:00,77338.01000000,77350.00000000,77333.44000000,77346.71000000,4.12319000
2026-05-25 14:55:00,77346.71000000,77350.00000000,77345.27000000,77345.28000000,2.34890000
2026-05-25 14:56:00,77345.27000000,77350.00000000,77343.99000000,77344.00000000,5.09693000
2026-05-25 14:57:00,77344.00000000,77344.00000000,77334.00000000,77334.01000000,0.81216000
2026-05-25 14:58:00,77334.01000000,77334.01000000,77334.00000000,77334.00000000,1.25769000
2026-05-25 14:59:00,77334.01000000,77342.14000000,77334.00000000,77341.05000000,1.24819000
2026-05-25 15:00:00,77341.05000000,77341.05000000,77329.05000000,77329.36000000,1.59374000
2026-05-25 15:01:00,77329.36000000,77329.37000000,77328.99000000,77328.99000000,2.09288000
2026-05-25 15:02:00,77328.99000000,77329.00000000,77304.84000000,77316.15000000,10.90388000
2026-05-25 15:03:00,77316.15000000,77350.00000000,77316.15000000,77339.69000000,3.37489000
2026-05-25 15:04:00,77339.69000000,77443.01000000,77339.69000000,77442.96000000,21.10597000
2026-05-25 15:05:00,77442.96000000,77500.00000000,77432.11000000,77492.00000000,9.70392000
2026-05-25 15:06:00,77492.01000000,77524.01000000,77442.04000000,77442.05000000,18.17410000
2026-05-25 15:07:00,77442.05000000,77473.53000000,77442.04000000,77473.53000000,13.58351000
2026-05-25 15:08:00,77473.53000000,77495.03000000,77464.57000000,77495.03000000,4.31823000
2026-05-25 15:09:00,77495.03000000,77495.03000000,77461.18000000,77472.80000000,5.47789000
2026-05-25 15:10:00,77472.80000000,77509.18000000,77466.01000000,77509.17000000,8.98797000
2026-05-25 15:11:00,77509.18000000,77509.18000000,77480.02000000,77480.02000000,2.03424000
2026-05-25 15:12:00,77480.03000000,77489.38000000,77480.02000000,77489.37000000,2.84974000
2026-05-25 15:13:00,77489.37000000,77489.38000000,77471.17000000,77478.86000000,8.61059000
2026-05-25 15:14:00,77478.86000000,77488.71000000,77478.86000000,77478.86000000,1.87185000
2026-05-25 15:15:00,77478.87000000,77496.75000000,77478.86000000,77483.39000000,4.53932000
2026-05-25 15:16:00,77483.40000000,77496.75000000,77475.22000000,77496.75000000,12.88529000
2026-05-25 15:17:00,77496.75000000,77524.01000000,77496.74000000,77523.50000000,3.78715000
2026-05-25 15:18:00,77523.51000000,77588.01000000,77523.50000000,77534.33000000,15.80719000
2026-05-25 15:19:00,77534.33000000,77558.02000000,77534.33000000,77558.01000000,6.31300000
2026-05-25 15:20:00,77558.00000000,77558.01000000,77524.57000000,77524.57000000,11.83316000
2026-05-25 15:21:00,77524.57000000,77534.00000000,77504.37000000,77534.00000000,10.14307000
2026-05-25 15:22:00,77533.99000000,77536.96000000,77527.89000000,77536.95000000,7.53082000
2026-05-25 15:23:00,77536.95000000,77536.96000000,77509.57000000,77516.65000000,9.10574000
2026-05-25 15:24:00,77516.65000000,77562.23000000,77516.65000000,77562.22000000,12.34895000
2026-05-25 15:25:00,77562.23000000,77620.00000000,77562.23000000,77596.11000000,17.81368000
2026-05-25 15:26:00,77596.11000000,77596.11000000,77557.42000000,77588.77000000,16.29634000
2026-05-25 15:27:00,77588.76000000,77600.01000000,77583.76000000,77600.01000000,5.35741000
2026-05-25 15:28:00,77600.01000000,77620.00000000,77600.00000000,77612.27000000,10.78179000
2026-05-25 15:29:00,77612.27000000,77619.98000000,77606.42000000,77619.97000000,6.92440000
2026-05-25 15:30:00,77619.97000000,77619.97000000,77583.62000000,77586.69000000,9.84010000
2026-05-25 15:31:00,77586.69000000,77586.69000000,77578.17000000,77578.17000000,6.75338000
2026-05-25 15:32:00,77578.18000000,77578.18000000,77552.36000000,77553.59000000,9.53189000
2026-05-25 15:33:00,77553.58000000,77575.29000000,77553.58000000,77572.00000000,6.11485000
2026-05-25 15:34:00,77572.01000000,77581.32000000,77572.00000000,77581.31000000,2.80618000
2026-05-25 15:35:00,77581.32000000,77591.64000000,77565.65000000,77591.64000000,13.96152000
2026-05-25 15:36:00,77591.64000000,77593.23000000,77588.89000000,77588.89000000,9.15489000
2026-05-25 15:37:00,77588.90000000,77588.90000000,77571.64000000,77582.69000000,4.33375000
2026-05-25 15:38:00,77582.69000000,77582.69000000,77580.00000000,77580.01000000,3.69056000
2026-05-25 15:39:00,77580.01000000,77580.01000000,77580.00000000,77580.00000000,1.26696000
2026-05-25 15:40:00,77580.00000000,77580.01000000,77545.10000000,77545.10000000,35.35672000
2026-05-25 15:41:00,77545.11000000,77557.30000000,77545.10000000,77557.29000000,2.47743000
2026-05-25 15:42:00,77557.29000000,77565.99000000,77557.29000000,77565.98000000,2.67741000
2026-05-25 15:43:00,77565.98000000,77570.04000000,77549.03000000,77549.04000000,12.74027000
2026-05-25 15:44:00,77549.04000000,77577.32000000,77545.86000000,77577.32000000,21.03534000
2026-05-25 15:45:00,77577.31000000,77577.33000000,77577.31000000,77577.33000000,0.80257000
2026-05-25 15:46:00,77577.32000000,77756.15000000,77577.32000000,77748.37000000,54.57294000
2026-05-25 15:47:00,77748.37000000,77773.69000000,77712.00000000,77734.79000000,30.54616000
2026-05-25 15:48:00,77734.79000000,77749.74000000,77722.49000000,77722.49000000,24.80012000
2026-05-25 15:49:00,77722.49000000,77734.34000000,77702.72000000,77706.04000000,11.02803000
2026-05-25 15:50:00,77706.05000000,77726.98000000,77692.53000000,77692.53000000,9.93964000
2026-05-25 15:51:00,77692.54000000,77692.54000000,77659.80000000,77674.82000000,15.83992000
2026-05-25 15:52:00,77674.82000000,77676.38000000,77674.81000000,77676.38000000,1.29333000
2026-05-25 15:53:00,77676.38000000,77696.00000000,77676.37000000,77695.99000000,5.88646000
2026-05-25 15:54:00,77695.99000000,77725.26000000,77693.49000000,77693.85000000,13.99020000
2026-05-25 15:55:00,77693.86000000,77726.39000000,77693.85000000,77720.15000000,6.31264000
2026-05-25 15:56:00,77720.15000000,77720.15000000,77700.00000000,77700.00000000,10.92381000
2026-05-25 15:57:00,77700.01000000,77700.01000000,77700.00000000,77700.00000000,4.28940000
2026-05-25 15:58:00,77700.01000000,77714.00000000,77700.00000000,77714.00000000,3.19431000
2026-05-25 15:59:00,77713.99000000,77714.00000000,77713.99000000,77714.00000000,1.76666000
2026-05-25 16:00:00,77713.99000000,77754.01000000,77713.99000000,77728.80000000,8.50595000
2026-05-25 16:01:00,77728.80000000,77739.47000000,77728.79000000,77728.80000000,7.51537000
2026-05-25 16:02:00,77728.79000000,77728.80000000,77703.70000000,77726.71000000,16.91819000
2026-05-25 16:03:00,77726.71000000,77747.02000000,77706.28000000,77706.28000000,11.92796000
2026-05-25 16:04:00,77706.29000000,77706.29000000,77687.30000000,77699.95000000,7.97397000
2026-05-25 16:05:00,77699.95000000,77750.00000000,77699.95000000,77719.32000000,14.78071000
2026-05-25 16:06:00,77719.32000000,77747.02000000,77711.89000000,77747.02000000,7.48973000
2026-05-25 16:07:00,77747.01000000,77779.97000000,77735.96000000,77744.00000000,27.11173000
2026-05-25 16:08:00,77744.00000000,77744.00000000,77728.02000000,77741.10000000,5.21303000
2026-05-25 16:09:00,77741.10000000,77766.53000000,77741.09000000,77757.54000000,3.18669000
2026-05-25 16:10:00,77757.55000000,77850.00000000,77716.57000000,77806.91000000,55.80595000
2026-05-25 16:11:00,77806.92000000,77905.52000000,77776.61000000,77854.30000000,44.69503000
2026-05-25 16:12:00,77854.29000000,77885.42000000,77840.33000000,77866.49000000,6.51663000
2026-05-25 16:13:00,77866.50000000,77866.50000000,77776.03000000,77776.03000000,11.84129000
2026-05-25 16:14:00,77776.04000000,77782.01000000,77709.24000000,77711.99000000,9.97437000
2026-05-25 16:15:00,77712.00000000,77712.00000000,77625.47000000,77674.00000000,20.50041000
2026-05-25 16:16:00,77674.01000000,77674.01000000,77651.69000000,77663.20000000,14.27237000
2026-05-25 16:17:00,77663.20000000,77694.47000000,77663.20000000,77688.07000000,4.78012000
2026-05-25 16:18:00,77688.07000000,77691.37000000,77688.07000000,77691.37000000,0.96964000
2026-05-25 16:19:00,77691.36000000,77750.35000000,77691.36000000,77694.50000000,11.26421000
2026-05-25 16:20:00,77694.49000000,77694.50000000,77636.35000000,77636.35000000,3.49795000
2026-05-25 16:21:00,77636.35000000,77648.01000000,77628.75000000,77640.71000000,4.62387000
2026-05-25 16:22:00,77640.71000000,77640.71000000,77628.65000000,77628.66000000,6.09640000
2026-05-25 16:23:00,77628.65000000,77628.66000000,77598.26000000,77619.77000000,21.18968000
2026-05-25 16:24:00,77619.77000000,77619.78000000,77619.76000000,77619.77000000,2.70609000
2026-05-25 16:25:00,77619.76000000,77666.63000000,77619.76000000,77659.34000000,10.95555000
2026-05-25 16:26:00,77659.33000000,77674.00000000,77659.33000000,77673.99000000,4.96951000
2026-05-25 16:27:00,77674.00000000,77674.00000000,77664.00000000,77668.04000000,1.94284000
2026-05-25 16:28:00,77668.04000000,77668.05000000,77623.58000000,77623.58000000,8.65013000
2026-05-25 16:29:00,77623.59000000,77629.29000000,77603.00000000,77603.00000000,11.29998000
2026-05-25 16:30:00,77603.00000000,77604.55000000,77591.97000000,77591.97000000,14.90639000
2026-05-25 16:31:00,77591.98000000,77604.08000000,77577.32000000,77602.71000000,7.20060000
2026-05-25 16:32:00,77602.70000000,77602.71000000,77585.17000000,77595.97000000,3.43627000
2026-05-25 16:33:00,77595.96000000,77634.75000000,77595.96000000,77634.74000000,4.57494000
2026-05-25 16:34:00,77634.75000000,77683.11000000,77634.74000000,77662.17000000,8.64246000
2026-05-25 16:35:00,77662.18000000,77666.18000000,77651.43000000,77655.71000000,16.66108000
2026-05-25 16:36:00,77655.71000000,77655.71000000,77640.70000000,77640.70000000,3.94875000
2026-05-25 16:37:00,77640.71000000,77640.71000000,77630.00000000,77630.01000000,2.31251000
2026-05-25 16:38:00,77630.01000000,77654.43000000,77630.00000000,77654.43000000,5.07909000
2026-05-25 16:39:00,77654.43000000,77661.34000000,77654.42000000,77661.33000000,0.43623000
2026-05-25 16:40:00,77661.33000000,77669.32000000,77661.33000000,77669.32000000,2.31840000
2026-05-25 16:41:00,77669.32000000,77679.71000000,77630.00000000,77630.01000000,6.47370000
2026-05-25 16:42:00,77630.01000000,77633.42000000,77623.06000000,77633.42000000,2.13108000
2026-05-25 16:43:00,77633.42000000,77649.10000000,77633.41000000,77649.09000000,1.51611000
2026-05-25 16:44:00,77649.09000000,77655.50000000,77649.09000000,77655.50000000,0.91539000
2026-05-25 16:45:00,77655.50000000,77655.50000000,77644.12000000,77644.13000000,2.80222000
2026-05-25 16:46:00,77644.12000000,77644.13000000,77630.00000000,77630.00000000,2.22133000
2026-05-25 16:47:00,77630.01000000,77630.01000000,77606.00000000,77606.00000000,6.52987000
2026-05-25 16:48:00,77606.01000000,77606.01000000,77557.00000000,77557.01000000,9.44959000
2026-05-25 16:49:00,77557.01000000,77601.70000000,77557.01000000,77601.69000000,2.68459000
2026-05-25 16:50:00,77601.70000000,77601.70000000,77582.00000000,77582.00000000,3.35167000
2026-05-25 16:51:00,77582.00000000,77603.88000000,77581.06000000,77603.87000000,4.13043000
2026-05-25 16:52:00,77603.87000000,77618.60000000,77596.00000000,77618.59000000,2.61698000
2026-05-25 16:53:00,77618.59000000,77618.60000000,77605.18000000,77605.19000000,1.81542000
2026-05-25 16:54:00,77605.18000000,77611.54000000,77605.18000000,77607.68000000,1.13758000
2026-05-25 16:55:00,77607.68000000,77630.00000000,77605.28000000,77630.00000000,5.97159000
2026-05-25 16:56:00,77629.99000000,77653.83000000,77629.99000000,77632.64000000,3.73481000
2026-05-25 16:57:00,77632.63000000,77632.64000000,77624.25000000,77630.00000000,2.53357000
2026-05-25 16:58:00,77630.00000000,77630.00000000,77629.99000000,77629.99000000,0.43220000
2026-05-25 16:59:00,77630.00000000,77630.00000000,77628.81000000,77628.82000000,2.36293000
2026-05-25 17:00:00,77628.82000000,77636.00000000,77614.06000000,77614.07000000,4.74676000
2026-05-25 17:01:00,77614.07000000,77616.15000000,77597.49000000,77602.11000000,4.78090000
2026-05-25 17:02:00,77602.11000000,77602.11000000,77597.50000000,77597.51000000,4.03393000
2026-05-25 17:03:00,77597.51000000,77597.51000000,77573.66000000,77585.93000000,4.72274000
2026-05-25 17:04:00,77585.92000000,77594.00000000,77585.92000000,77593.99000000,1.35084000
2026-05-25 17:05:00,77593.99000000,77594.00000000,77590.63000000,77590.63000000,2.76876000
2026-05-25 17:06:00,77590.63000000,77593.97000000,77590.63000000,77593.97000000,1.59184000
2026-05-25 17:07:00,77593.96000000,77593.97000000,77593.96000000,77593.97000000,0.48850000
2026-05-25 17:08:00,77593.96000000,77600.00000000,77593.96000000,77596.00000000,2.06106000
2026-05-25 17:09:00,77596.00000000,77596.00000000,77583.28000000,77583.29000000,2.42988000
2026-05-25 17:10:00,77583.28000000,77583.29000000,77557.46000000,77569.01000000,2.35687000
2026-05-25 17:11:00,77569.02000000,77583.81000000,77569.01000000,77583.80000000,1.15659000
2026-05-25 17:12:00,77583.80000000,77592.00000000,77576.45000000,77576.46000000,2.86795000
2026-05-25 17:13:00,77576.45000000,77576.46000000,77526.43000000,77531.66000000,13.14813000
2026-05-25 17:14:00,77531.66000000,77531.66000000,77512.00000000,77512.01000000,13.11304000
2026-05-25 17:15:00,77512.01000000,77550.00000000,77512.00000000,77549.99000000,5.87917000
2026-05-25 17:16:00,77550.00000000,77555.93000000,77545.38000000,77545.39000000,5.03039000
2026-05-25 17:17:00,77545.38000000,77546.10000000,77526.25000000,77526.26000000,15.43887000
2026-05-25 17:18:00,77526.25000000,77526.26000000,77508.88000000,77514.33000000,8.29106000
2026-05-25 17:19:00,77514.33000000,77530.00000000,77512.01000000,77530.00000000,11.24248000
2026-05-25 17:20:00,77530.00000000,77532.14000000,77523.83000000,77526.99000000,2.91133000
2026-05-25 17:21:00,77527.00000000,77527.00000000,77526.99000000,77526.99000000,0.72492000
2026-05-25 17:22:00,77527.00000000,77546.00000000,77526.99000000,77546.00000000,5.01696000
2026-05-25 17:23:00,77546.00000000,77622.75000000,77545.99000000,77610.00000000,19.50472000
2026-05-25 17:24:00,77610.00000000,77610.01000000,77584.33000000,77585.68000000,3.22716000
2026-05-25 17:25:00,77585.67000000,77596.97000000,77571.45000000,77590.02000000,3.52223000
2026-05-25 17:26:00,77590.02000000,77590.02000000,77580.33000000,77580.33000000,1.74223000
2026-05-25 17:27:00,77580.34000000,77580.34000000,77572.39000000,77572.39000000,1.91169000
2026-05-25 17:28:00,77572.39000000,77572.40000000,77572.39000000,77572.39000000,1.34918000
2026-05-25 17:29:00,77572.40000000,77596.96000000,77570.20000000,77590.00000000,6.06389000
2026-05-25 17:30:00,77590.01000000,77590.01000000,77580.15000000,77580.15000000,0.78724000
2026-05-25 17:31:00,77580.16000000,77589.92000000,77580.15000000,77589.27000000,1.33061000
2026-05-25 17:32:00,77589.27000000,77589.92000000,77589.27000000,77589.92000000,2.87312000
2026-05-25 17:33:00,77589.92000000,77589.92000000,77588.64000000,77589.91000000,1.94749000
2026-05-25 17:34:00,77589.91000000,77589.91000000,77588.57000000,77588.57000000,0.56085000
2026-05-25 17:35:00,77588.57000000,77588.58000000,77588.57000000,77588.58000000,0.32594000
2026-05-25 17:36:00,77588.57000000,77639.89000000,77588.57000000,77639.89000000,11.91286000
2026-05-25 17:37:00,77639.89000000,77639.89000000,77628.00000000,77628.00000000,2.07815000
2026-05-25 17:38:00,77628.01000000,77628.01000000,77626.74000000,77626.75000000,1.79399000
2026-05-25 17:39:00,77626.75000000,77626.75000000,77626.74000000,77626.75000000,2.12179000
2026-05-25 17:40:00,77626.75000000,77626.75000000,77626.74000000,77626.75000000,4.40982000
2026-05-25 17:41:00,77626.74000000,77626.75000000,77600.01000000,77612.31000000,5.65137000
2026-05-25 17:42:00,77612.31000000,77655.45000000,77612.30000000,77654.02000000,10.60549000
2026-05-25 17:43:00,77654.01000000,77654.01000000,77641.02000000,77641.03000000,2.64812000
2026-05-25 17:44:00,77641.03000000,77683.61000000,77641.02000000,77683.61000000,7.08298000
2026-05-25 17:45:00,77683.60000000,77683.61000000,77670.20000000,77676.22000000,3.68067000
2026-05-25 17:46:00,77676.23000000,77700.00000000,77676.22000000,77696.31000000,3.65239000
2026-05-25 17:47:00,77696.31000000,77739.85000000,77696.30000000,77732.03000000,6.19281000
2026-05-25 17:48:00,77732.03000000,77740.97000000,77720.44000000,77740.97000000,15.93823000
2026-05-25 17:49:00,77740.96000000,77776.01000000,77740.96000000,77775.71000000,4.17022000
2026-05-25 17:50:00,77775.71000000,77807.29000000,77766.84000000,77766.84000000,10.04002000
2026-05-25 17:51:00,77766.85000000,77766.85000000,77717.46000000,77717.46000000,24.01317000
2026-05-25 17:52:00,77717.47000000,77738.90000000,77717.46000000,77729.12000000,3.31223000
2026-05-25 17:53:00,77729.11000000,77731.78000000,77700.00000000,77700.82000000,41.91054000
2026-05-25 17:54:00,77700.83000000,77705.47000000,77700.82000000,77705.46000000,2.09942000
2026-05-25 17:55:00,77705.47000000,77713.38000000,77705.46000000,77711.39000000,5.60374000
2026-05-25 17:56:00,77711.40000000,77758.90000000,77711.39000000,77750.19000000,5.86292000
2026-05-25 17:57:00,77750.19000000,77750.20000000,77733.94000000,77737.36000000,1.32976000
2026-05-25 17:58:00,77737.37000000,77740.00000000,77737.36000000,77737.37000000,1.24905000
2026-05-25 17:59:00,77737.38000000,77750.11000000,77735.68000000,77735.69000000,3.98491000
2026-05-25 18:00:00,77735.69000000,77798.55000000,77735.68000000,77771.81000000,5.00211000
2026-05-25 18:01:00,77771.80000000,77803.18000000,77766.00000000,77803.18000000,3.84185000
2026-05-25 18:02:00,77803.19000000,77804.48000000,77783.13000000,77804.48000000,8.39610000
2026-05-25 18:03:00,77804.48000000,77804.48000000,77736.63000000,77736.64000000,7.08963000
2026-05-25 18:04:00,77736.63000000,77758.01000000,77736.63000000,77758.00000000,9.84841000
2026-05-25 18:05:00,77758.01000000,77767.06000000,77737.68000000,77737.69000000,3.21970000
2026-05-25 18:06:00,77737.69000000,77753.18000000,77733.13000000,77753.17000000,8.16512000
2026-05-25 18:07:00,77753.18000000,77753.18000000,77724.81000000,77747.22000000,6.99373000
2026-05-25 18:08:00,77747.22000000,77777.00000000,77746.00000000,77773.45000000,5.57958000
2026-05-25 18:09:00,77773.44000000,77777.00000000,77760.30000000,77760.31000000,2.93502000
2026-05-25 18:10:00,77760.31000000,77760.31000000,77721.43000000,77721.44000000,3.56998000
2026-05-25 18:11:00,77721.43000000,77724.20000000,77720.69000000,77724.19000000,1.24713000
2026-05-25 18:12:00,77724.19000000,77725.64000000,77718.23000000,77718.23000000,1.47134000
2026-05-25 18:13:00,77718.23000000,77718.23000000,77700.00000000,77700.47000000,37.28717000
2026-05-25 18:14:00,77700.48000000,77700.48000000,77682.94000000,77686.58000000,26.73387000
2026-05-25 18:15:00,77686.58000000,77686.59000000,77584.65000000,77587.99000000,10.30746000
2026-05-25 18:16:00,77587.99000000,77641.50000000,77587.98000000,77641.50000000,8.39943000
2026-05-25 18:17:00,77641.50000000,77646.01000000,77618.00000000,77634.55000000,5.69015000
2026-05-25 18:18:00,77634.54000000,77634.92000000,77618.22000000,77634.91000000,8.10897000
2026-05-25 18:19:00,77634.92000000,77649.50000000,77634.91000000,77649.49000000,2.30598000
2026-05-25 18:20:00,77649.50000000,77649.50000000,77627.67000000,77631.64000000,3.32317000
2026-05-25 18:21:00,77631.63000000,77631.64000000,77631.63000000,77631.64000000,1.33178000
2026-05-25 18:22:00,77631.64000000,77637.31000000,77630.00000000,77630.01000000,1.49639000
2026-05-25 18:23:00,77630.01000000,77647.72000000,77630.00000000,77647.72000000,3.65807000
2026-05-25 18:24:00,77647.72000000,77647.72000000,77606.46000000,77606.46000000,5.57308000
2026-05-25 18:25:00,77606.47000000,77620.00000000,77606.46000000,77619.99000000,2.24432000
2026-05-25 18:26:00,77620.00000000,77630.00000000,77619.99000000,77630.00000000,2.66812000
2026-05-25 18:27:00,77630.00000000,77630.00000000,77626.89000000,77626.89000000,1.74229000
2026-05-25 18:28:00,77626.89000000,77634.92000000,77626.89000000,77634.91000000,10.36424000
2026-05-25 18:29:00,77634.92000000,77649.28000000,77634.91000000,77649.28000000,6.98559000
2026-05-25 18:30:00,77649.27000000,77649.28000000,77630.62000000,77630.62000000,1.43472000
2026-05-25 18:31:00,77630.62000000,77630.63000000,77630.62000000,77630.62000000,0.83452000
2026-05-25 18:32:00,77630.63000000,77630.63000000,77630.62000000,77630.63000000,0.76309000
2026-05-25 18:33:00,77630.63000000,77630.63000000,77593.68000000,77593.69000000,6.54116000
2026-05-25 18:34:00,77593.68000000,77593.69000000,77576.11000000,77579.91000000,5.33438000
2026-05-25 18:35:00,77579.91000000,77600.00000000,77579.90000000,77599.99000000,6.59209000
2026-05-25 18:36:00,77599.99000000,77600.00000000,77582.00000000,77582.01000000,1.78056000
2026-05-25 18:37:00,77582.01000000,77582.01000000,77570.00000000,77570.00000000,2.70299000
2026-05-25 18:38:00,77570.01000000,77592.93000000,77570.00000000,77592.93000000,5.81704000
2026-05-25 18:39:00,77592.93000000,77592.93000000,77588.94000000,77588.94000000,0.45128000
2026-05-25 18:40:00,77588.95000000,77588.95000000,77583.45000000,77583.45000000,1.68602000
2026-05-25 18:41:00,77583.45000000,77583.46000000,77583.45000000,77583.46000000,0.39354000
2026-05-25 18:42:00,77583.46000000,77583.46000000,77572.00000000,77572.01000000,0.84394000
2026-05-25 18:43:00,77572.00000000,77572.01000000,77572.00000000,77572.00000000,0.63326000
2026-05-25 18:44:00,77572.00000000,77582.64000000,77572.00000000,77582.63000000,1.94718000
2026-05-25 18:45:00,77582.64000000,77582.64000000,77568.00000000,77568.01000000,0.86690000
2026-05-25 18:46:00,77568.00000000,77587.76000000,77568.00000000,77587.75000000,2.50424000
2026-05-25 18:47:00,77587.76000000,77587.76000000,77568.00000000,77568.01000000,1.21921000
2026-05-25 18:48:00,77568.00000000,77578.64000000,77568.00000000,77578.64000000,2.54030000
2026-05-25 18:49:00,77578.63000000,77578.65000000,77565.67000000,77565.67000000,1.50140000
2026-05-25 18:50:00,77565.67000000,77576.30000000,77565.66000000,77576.29000000,1.64246000
2026-05-25 18:51:00,77576.30000000,77576.30000000,77568.64000000,77568.64000000,1.23203000
2026-05-25 18:52:00,77568.65000000,77568.65000000,77568.64000000,77568.65000000,2.53816000
2026-05-25 18:53:00,77568.64000000,77568.65000000,77568.63000000,77568.63000000,2.07166000
2026-05-25 18:54:00,77568.64000000,77568.64000000,77568.63000000,77568.64000000,0.50027000
2026-05-25 18:55:00,77568.64000000,77578.96000000,77568.63000000,77578.96000000,4.74927000
2026-05-25 18:56:00,77578.96000000,77578.96000000,77550.39000000,77550.40000000,2.47143000
2026-05-25 18:57:00,77550.40000000,77555.62000000,77550.39000000,77555.61000000,2.86972000
2026-05-25 18:58:00,77555.61000000,77570.04000000,77555.61000000,77570.04000000,4.88886000
2026-05-25 18:59:00,77570.04000000,77570.04000000,77564.00000000,77564.01000000,3.28636000
2026-05-25 19:00:00,77564.00000000,77570.83000000,77543.38000000,77570.83000000,3.95498000
2026-05-25 19:01:00,77570.83000000,77591.79000000,77568.13000000,77591.78000000,2.56941000
2026-05-25 19:02:00,77591.79000000,77591.79000000,77583.64000000,77583.65000000,2.62028000
2026-05-25 19:03:00,77583.65000000,77589.40000000,77583.64000000,77589.40000000,2.29928000
2026-05-25 19:04:00,77589.40000000,77611.64000000,77589.39000000,77598.75000000,4.27484000
2026-05-25 19:05:00,77598.76000000,77611.65000000,77598.75000000,77611.64000000,1.56863000
2026-05-25 19:06:00,77611.64000000,77628.93000000,77598.75000000,77628.93000000,6.27126000
2026-05-25 19:07:00,77628.92000000,77628.93000000,77628.92000000,77628.93000000,1.57588000
2026-05-25 19:08:00,77628.93000000,77636.05000000,77628.92000000,77636.04000000,3.63432000
2026-05-25 19:09:00,77636.04000000,77636.05000000,77636.04000000,77636.05000000,0.62792000
2026-05-25 19:10:00,77636.05000000,77658.01000000,77636.04000000,77640.00000000,3.20659000
2026-05-25 19:11:00,77640.01000000,77640.01000000,77640.00000000,77640.00000000,0.59900000
2026-05-25 19:12:00,77640.00000000,77650.00000000,77640.00000000,77640.00000000,4.20377000
2026-05-25 19:13:00,77640.01000000,77649.64000000,77640.00000000,77646.14000000,13.58903000
2026-05-25 19:14:00,77646.13000000,77646.14000000,77640.32000000,77640.32000000,1.50842000
2026-05-25 19:15:00,77640.32000000,77640.33000000,77640.32000000,77640.33000000,0.84293000
2026-05-25 19:16:00,77640.32000000,77640.33000000,77640.32000000,77640.32000000,1.25934000
2026-05-25 19:17:00,77640.33000000,77654.01000000,77640.32000000,77654.01000000,3.77595000
2026-05-25 19:18:00,77654.01000000,77654.01000000,77654.00000000,77654.01000000,0.67261000
2026-05-25 19:19:00,77654.01000000,77654.01000000,77625.19000000,77625.19000000,1.83633000
2026-05-25 19:20:00,77625.19000000,77628.08000000,77623.33000000,77628.08000000,0.60335000
2026-05-25 19:21:00,77628.07000000,77628.08000000,77628.07000000,77628.08000000,0.48726000
2026-05-25 19:22:00,77628.08000000,77631.05000000,77598.30000000,77606.00000000,6.39864000
2026-05-25 19:23:00,77606.00000000,77607.05000000,77605.99000000,77606.11000000,0.99804000
2026-05-25 19:24:00,77606.11000000,77606.11000000,77606.10000000,77606.10000000,3.32958000
2026-05-25 19:25:00,77606.11000000,77608.27000000,77606.10000000,77608.27000000,1.71080000
2026-05-25 19:26:00,77608.27000000,77614.72000000,77608.26000000,77614.71000000,2.09786000
2026-05-25 19:27:00,77614.72000000,77629.55000000,77614.72000000,77629.55000000,1.61737000
2026-05-25 19:28:00,77629.55000000,77635.39000000,77629.54000000,77635.39000000,0.84434000
2026-05-25 19:29:00,77635.39000000,77638.01000000,77635.38000000,77638.01000000,0.76787000
2026-05-25 19:30:00,77638.01000000,77640.01000000,77623.18000000,77623.19000000,0.88797000
2026-05-25 19:31:00,77623.19000000,77623.19000000,77612.79000000,77612.79000000,1.52714000
2026-05-25 19:32:00,77612.80000000,77612.80000000,77597.41000000,77597.42000000,2.92445000
2026-05-25 19:33:00,77597.42000000,77610.36000000,77597.41000000,77610.36000000,3.04727000
2026-05-25 19:34:00,77610.35000000,77626.47000000,77610.35000000,77626.46000000,2.32383000
2026-05-25 19:35:00,77626.47000000,77629.45000000,77626.46000000,77629.45000000,0.68105000
2026-05-25 19:36:00,77629.44000000,77629.45000000,77612.72000000,77612.72000000,1.56416000
2026-05-25 19:37:00,77612.73000000,77612.73000000,77612.72000000,77612.73000000,0.57311000
2026-05-25 19:38:00,77612.72000000,77612.73000000,77597.58000000,77599.99000000,3.18857000
2026-05-25 19:39:00,77600.00000000,77639.36000000,77599.99000000,77635.86000000,10.64578000
2026-05-25 19:40:00,77635.85000000,77635.85000000,77584.96000000,77592.01000000,4.61792000
2026-05-25 19:41:00,77592.01000000,77598.01000000,77592.00000000,77598.01000000,1.08062000
2026-05-25 19:42:00,77598.01000000,77598.01000000,77598.00000000,77598.00000000,1.62475000
2026-05-25 19:43:00,77598.01000000,77607.92000000,77598.00000000,77607.92000000,1.91779000
2026-05-25 19:44:00,77607.92000000,77618.57000000,77599.78000000,77618.57000000,13.14125000
2026-05-25 19:45:00,77618.57000000,77618.57000000,77614.00000000,77614.01000000,1.16293000
2026-05-25 19:46:00,77614.01000000,77614.01000000,77614.00000000,77614.00000000,1.42435000
2026-05-25 19:47:00,77614.01000000,77617.90000000,77612.38000000,77617.89000000,15.71945000
2026-05-25 19:48:00,77617.89000000,77617.89000000,77592.76000000,77592.77000000,4.85653000
2026-05-25 19:49:00,77592.77000000,77603.41000000,77592.76000000,77603.41000000,4.27464000
2026-05-25 19:50:00,77603.41000000,77603.41000000,77603.40000000,77603.41000000,1.80097000
2026-05-25 19:51:00,77603.41000000,77628.07000000,77603.40000000,77628.06000000,6.28247000
2026-05-25 19:52:00,77628.07000000,77628.07000000,77586.07000000,77586.07000000,3.82475000
2026-05-25 19:53:00,77586.07000000,77586.07000000,77578.49000000,77578.49000000,3.30561000
2026-05-25 19:54:00,77578.49000000,77578.50000000,77559.97000000,77566.75000000,14.55005000
2026-05-25 19:55:00,77566.75000000,77566.75000000,77566.74000000,77566.75000000,0.54476000
2026-05-25 19:56:00,77566.75000000,77566.75000000,77559.97000000,77559.98000000,3.21071000
2026-05-25 19:57:00,77559.97000000,77559.98000000,77555.80000000,77555.80000000,1.10838000
2026-05-25 19:58:00,77555.81000000,77555.81000000,77546.69000000,77546.70000000,1.14148000
2026-05-25 19:59:00,77546.70000000,77546.70000000,77543.38000000,77543.39000000,12.06598000
2026-05-25 20:00:00,77543.39000000,77543.39000000,77527.08000000,77527.08000000,3.39691000
2026-05-25 20:01:00,77527.09000000,77527.09000000,77508.88000000,77508.89000000,5.35939000
2026-05-25 20:02:00,77508.88000000,77508.89000000,77428.66000000,77449.69000000,18.55638000
2026-05-25 20:03:00,77449.69000000,77472.87000000,77442.94000000,77442.95000000,5.93880000
2026-05-25 20:04:00,77442.95000000,77448.01000000,77442.94000000,77443.79000000,1.06483000
2026-05-25 20:05:00,77443.80000000,77476.48000000,77443.80000000,77473.99000000,2.52447000
2026-05-25 20:06:00,77473.99000000,77475.23000000,77473.98000000,77475.23000000,0.94290000
2026-05-25 20:07:00,77475.22000000,77493.72000000,77475.22000000,77493.71000000,1.88472000
2026-05-25 20:08:00,77493.72000000,77493.72000000,77488.82000000,77488.83000000,0.81052000
2026-05-25 20:09:00,77488.83000000,77488.83000000,77428.00000000,77428.00000000,34.11910000
2026-05-25 20:10:00,77428.01000000,77452.01000000,77426.50000000,77452.00000000,3.91723000
2026-05-25 20:11:00,77452.00000000,77466.79000000,77452.00000000,77466.78000000,0.98562000
2026-05-25 20:12:00,77466.78000000,77477.41000000,77466.78000000,77477.39000000,5.12861000
2026-05-25 20:13:00,77477.40000000,77493.51000000,77477.39000000,77493.50000000,2.36547000
2026-05-25 20:14:00,77493.50000000,77493.51000000,77493.50000000,77493.50000000,0.90386000
2026-05-25 20:15:00,77493.50000000,77493.51000000,77477.77000000,77477.78000000,2.05920000
2026-05-25 20:16:00,77477.78000000,77477.78000000,77470.03000000,77470.04000000,0.83301000
2026-05-25 20:17:00,77470.03000000,77470.04000000,77466.72000000,77466.73000000,5.38188000
2026-05-25 20:18:00,77466.72000000,77466.72000000,77448.54000000,77448.54000000,3.27357000
2026-05-25 20:19:00,77448.55000000,77494.61000000,77448.54000000,77494.61000000,15.77213000
2026-05-25 20:20:00,77494.61000000,77494.61000000,77465.59000000,77465.59000000,5.99072000
2026-05-25 20:21:00,77465.60000000,77469.82000000,77465.32000000,77469.82000000,1.73584000
2026-05-25 20:22:00,77469.81000000,77494.61000000,77469.81000000,77488.01000000,2.17957000
2026-05-25 20:23:00,77488.01000000,77488.01000000,77488.00000000,77488.00000000,0.74943000
2026-05-25 20:24:00,77488.00000000,77500.00000000,77488.00000000,77500.00000000,1.80807000
2026-05-25 20:25:00,77499.99000000,77500.00000000,77495.69000000,77495.70000000,1.72855000
2026-05-25 20:26:00,77495.70000000,77495.70000000,77482.13000000,77482.13000000,2.06316000
2026-05-25 20:27:00,77482.13000000,77495.68000000,77482.13000000,77495.68000000,1.79311000
2026-05-25 20:28:00,77495.67000000,77495.68000000,77494.00000000,77494.00000000,1.94631000
2026-05-25 20:29:00,77494.01000000,77514.72000000,77494.00000000,77514.72000000,3.37026000
2026-05-25 20:30:00,77514.72000000,77521.61000000,77495.85000000,77495.85000000,5.61301000
2026-05-25 20:31:00,77495.86000000,77495.86000000,77474.05000000,77474.05000000,1.66938000
2026-05-25 20:32:00,77474.06000000,77474.06000000,77473.26000000,77473.27000000,1.71269000
2026-05-25 20:33:00,77473.27000000,77473.27000000,77428.00000000,77428.01000000,3.61640000
2026-05-25 20:34:00,77428.01000000,77454.22000000,77428.01000000,77428.12000000,3.58397000
2026-05-25 20:35:00,77428.11000000,77428.11000000,77393.46000000,77407.00000000,15.76880000
2026-05-25 20:36:00,77407.00000000,77412.72000000,77393.47000000,77393.48000000,5.83879000
2026-05-25 20:37:00,77393.47000000,77406.00000000,77393.47000000,77406.00000000,51.35811000
2026-05-25 20:38:00,77406.00000000,77406.00000000,77390.00000000,77390.01000000,1.78795000
2026-05-25 20:39:00,77390.00000000,77390.01000000,77350.00000000,77354.00000000,5.14347000
2026-05-25 20:40:00,77354.00000000,77354.00000000,77348.86000000,77348.87000000,1.77566000
2026-05-25 20:41:00,77348.87000000,77369.89000000,77343.61000000,77369.88000000,3.36056000
2026-05-25 20:42:00,77369.89000000,77392.27000000,77369.88000000,77392.27000000,4.77908000
2026-05-25 20:43:00,77392.27000000,77405.28000000,77392.26000000,77405.27000000,1.00926000
2026-05-25 20:44:00,77405.28000000,77405.28000000,77405.27000000,77405.28000000,0.49893000
2026-05-25 20:45:00,77405.28000000,77434.01000000,77405.27000000,77434.01000000,2.27998000
2026-05-25 20:46:00,77434.01000000,77434.01000000,77417.15000000,77417.15000000,4.57933000
2026-05-25 20:47:00,77417.16000000,77417.16000000,77417.15000000,77417.15000000,0.90708000
2026-05-25 20:48:00,77417.16000000,77417.16000000,77412.24000000,77412.83000000,1.37691000
2026-05-25 20:49:00,77412.84000000,77421.39000000,77405.07000000,77421.38000000,3.05350000
2026-05-25 20:50:00,77421.39000000,77458.76000000,77421.38000000,77458.75000000,4.56806000
2026-05-25 20:51:00,77458.76000000,77458.76000000,77454.95000000,77458.76000000,2.47612000
2026-05-25 20:52:00,77458.75000000,77458.76000000,77458.75000000,77458.75000000,1.64505000
2026-05-25 20:53:00,77458.76000000,77458.76000000,77447.14000000,77447.15000000,2.45537000
2026-05-25 20:54:00,77447.15000000,77447.15000000,77405.51000000,77405.51000000,9.92958000
2026-05-25 20:55:00,77405.51000000,77426.00000000,77396.14000000,77426.00000000,3.53368000
2026-05-25 20:56:00,77426.00000000,77433.50000000,77426.00000000,77433.50000000,2.36806000
2026-05-25 20:57:00,77433.49000000,77433.50000000,77433.49000000,77433.49000000,0.15952000
2026-05-25 20:58:00,77433.50000000,77433.50000000,77432.64000000,77432.65000000,0.90205000
2026-05-25 20:59:00,77432.64000000,77461.08000000,77432.64000000,77441.86000000,9.20540000
2026-05-25 21:00:00,77441.85000000,77441.85000000,77414.06000000,77432.03000000,4.26292000
2026-05-25 21:01:00,77432.03000000,77450.49000000,77432.03000000,77450.48000000,1.65395000
2026-05-25 21:02:00,77450.48000000,77459.84000000,77450.48000000,77459.84000000,0.95032000
2026-05-25 21:03:00,77459.83000000,77472.14000000,77459.83000000,77460.01000000,2.32064000
2026-05-25 21:04:00,77460.01000000,77460.02000000,77441.28000000,77443.84000000,8.20439000
2026-05-25 21:05:00,77443.85000000,77448.01000000,77443.25000000,77448.01000000,2.93101000
2026-05-25 21:06:00,77448.01000000,77448.01000000,77437.46000000,77437.47000000,3.97755000
2026-05-25 21:07:00,77437.46000000,77461.51000000,77437.46000000,77459.33000000,1.74964000
2026-05-25 21:08:00,77459.33000000,77459.33000000,77447.52000000,77450.00000000,2.52102000
2026-05-25 21:09:00,77450.00000000,77450.00000000,77449.99000000,77450.00000000,1.92055000
2026-05-25 21:10:00,77449.99000000,77450.00000000,77449.99000000,77450.00000000,0.43427000
2026-05-25 21:11:00,77449.99000000,77450.00000000,77449.99000000,77449.99000000,1.01317000
2026-05-25 21:12:00,77450.00000000,77450.00000000,77449.99000000,77450.00000000,1.23272000
2026-05-25 21:13:00,77450.00000000,77458.01000000,77449.99000000,77458.00000000,1.15853000
2026-05-25 21:14:00,77458.01000000,77458.01000000,77440.00000000,77440.00000000,9.08047000
2026-05-25 21:15:00,77440.00000000,77474.00000000,77440.00000000,77473.99000000,2.23376000
2026-05-25 21:16:00,77474.00000000,77474.00000000,77451.57000000,77454.94000000,1.07085000
2026-05-25 21:17:00,77454.94000000,77456.60000000,77454.94000000,77456.59000000,3.70821000
2026-05-25 21:18:00,77456.60000000,77469.61000000,77456.59000000,77469.61000000,1.30016000
2026-05-25 21:19:00,77469.61000000,77500.00000000,77469.61000000,77500.00000000,1.32227000
2026-05-25 21:20:00,77500.00000000,77500.00000000,77490.77000000,77490.77000000,0.94023000
2026-05-25 21:21:00,77490.78000000,77490.78000000,77479.63000000,77479.63000000,2.07135000
2026-05-25 21:22:00,77479.64000000,77479.64000000,77479.63000000,77479.63000000,4.43925000
2026-05-25 21:23:00,77479.64000000,77479.64000000,77464.12000000,77464.13000000,2.57123000
2026-05-25 21:24:00,77464.13000000,77464.13000000,77464.12000000,77464.12000000,0.59884000
2026-05-25 21:25:00,77464.13000000,77479.64000000,77464.12000000,77476.65000000,3.23347000
2026-05-25 21:26:00,77476.65000000,77476.65000000,77440.00000000,77440.01000000,3.02987000
2026-05-25 21:27:00,77440.01000000,77457.16000000,77440.00000000,77450.62000000,2.27219000
2026-05-25 21:28:00,77450.62000000,77450.62000000,77442.97000000,77442.98000000,1.24956000
2026-05-25 21:29:00,77442.98000000,77442.98000000,77435.00000000,77440.02000000,25.78251000
2026-05-25 21:30:00,77440.02000000,77458.00000000,77435.00000000,77437.68000000,4.50354000
2026-05-25 21:31:00,77437.68000000,77443.03000000,77437.67000000,77443.03000000,1.19760000
2026-05-25 21:32:00,77443.03000000,77466.00000000,77443.02000000,77466.00000000,1.78540000
2026-05-25 21:33:00,77466.00000000,77466.00000000,77464.14000000,77464.15000000,1.19197000
2026-05-25 21:34:00,77464.15000000,77464.15000000,77368.96000000,77368.97000000,12.12241000
2026-05-25 21:35:00,77368.97000000,77374.99000000,77292.80000000,77292.80000000,17.67712000
2026-05-25 21:36:00,77292.80000000,77331.79000000,77292.80000000,77331.79000000,3.11764000
2026-05-25 21:37:00,77331.79000000,77331.79000000,77292.80000000,77307.84000000,7.47383000
2026-05-25 21:38:00,77307.84000000,77324.00000000,77307.84000000,77324.00000000,3.87904000
2026-05-25 21:39:00,77324.00000000,77329.88000000,77316.72000000,77329.88000000,2.26136000
2026-05-25 21:40:00,77329.88000000,77354.81000000,77300.00000000,77300.01000000,9.53277000
2026-05-25 21:41:00,77300.01000000,77300.76000000,77292.81000000,77300.75000000,21.43836000
2026-05-25 21:42:00,77300.75000000,77300.75000000,77220.00000000,77237.49000000,25.69834000
2026-05-25 21:43:00,77237.49000000,77268.85000000,77237.47000000,77268.84000000,3.89970000
2026-05-25 21:44:00,77268.84000000,77279.24000000,77261.43000000,77263.87000000,1.80089000
2026-05-25 21:45:00,77263.87000000,77293.33000000,77263.86000000,77293.33000000,2.20582000
2026-05-25 21:46:00,77293.32000000,77307.75000000,77293.32000000,77298.47000000,2.19489000
2026-05-25 21:47:00,77298.47000000,77307.15000000,77298.35000000,77299.23000000,2.69061000
2026-05-25 21:48:00,77299.23000000,77308.82000000,77299.22000000,77308.82000000,4.46267000
2026-05-25 21:49:00,77308.82000000,77312.30000000,77260.01000000,77260.01000000,15.71330000
2026-05-25 21:50:00,77260.01000000,77289.11000000,77260.00000000,77288.83000000,1.83318000
2026-05-25 21:51:00,77288.84000000,77296.84000000,77282.09000000,77296.84000000,1.32073000
2026-05-25 21:52:00,77296.83000000,77303.92000000,77296.83000000,77303.92000000,1.70311000
2026-05-25 21:53:00,77303.92000000,77315.08000000,77303.91000000,77315.08000000,2.21091000
2026-05-25 21:54:00,77315.08000000,77315.08000000,77285.74000000,77295.78000000,39.71087000
2026-05-25 21:55:00,77295.79000000,77346.67000000,77295.78000000,77346.67000000,4.12668000
2026-05-25 21:56:00,77346.66000000,77346.67000000,77305.01000000,77306.52000000,7.23609000
2026-05-25 21:57:00,77306.52000000,77309.67000000,77253.33000000,77253.34000000,2.91552000
2026-05-25 21:58:00,77253.34000000,77288.05000000,77253.33000000,77284.39000000,6.91376000
2026-05-25 21:59:00,77284.39000000,77284.39000000,77273.05000000,77273.06000000,2.06226000
2026-05-25 22:00:00,77273.06000000,77322.01000000,77273.05000000,77322.01000000,6.39805000
2026-05-25 22:01:00,77322.00000000,77336.29000000,77322.00000000,77324.05000000,3.01098000
2026-05-25 22:02:00,77324.06000000,77336.03000000,77324.05000000,77336.02000000,1.33877000
2026-05-25 22:03:00,77336.03000000,77337.91000000,77328.00000000,77337.91000000,1.19199000
2026-05-25 22:04:00,77337.91000000,77337.91000000,77337.85000000,77337.86000000,2.09896000
2026-05-25 22:05:00,77337.85000000,77337.86000000,77336.97000000,77336.97000000,1.85554000
2026-05-25 22:06:00,77336.98000000,77361.64000000,77336.97000000,77360.22000000,4.15046000
2026-05-25 22:07:00,77360.21000000,77360.22000000,77360.21000000,77360.21000000,0.31431000
2026-05-25 22:08:00,77360.21000000,77360.21000000,77348.94000000,77348.94000000,1.33575000
2026-05-25 22:09:00,77348.95000000,77348.95000000,77328.00000000,77334.96000000,2.89186000
2026-05-25 22:10:00,77334.95000000,77334.96000000,77334.95000000,77334.95000000,0.51318000
2026-05-25 22:11:00,77334.95000000,77334.96000000,77334.95000000,77334.96000000,0.47771000
2026-05-25 22:12:00,77334.95000000,77343.10000000,77334.95000000,77343.10000000,3.16764000
2026-05-25 22:13:00,77343.10000000,77363.81000000,77343.09000000,77359.42000000,8.30415000
2026-05-25 22:14:00,77359.43000000,77362.01000000,77359.43000000,77362.01000000,1.18930000
2026-05-25 22:15:00,77362.01000000,77362.01000000,77339.34000000,77339.34000000,1.12880000
2026-05-25 22:16:00,77339.34000000,77348.62000000,77339.33000000,77340.07000000,1.35361000
2026-05-25 22:17:00,77340.07000000,77340.07000000,77311.98000000,77319.27000000,2.13991000
2026-05-25 22:18:00,77319.28000000,77319.28000000,77294.52000000,77303.05000000,6.75185000
2026-05-25 22:19:00,77303.06000000,77328.00000000,77303.05000000,77328.00000000,1.41845000
2026-05-25 22:20:00,77327.99000000,77334.01000000,77327.99000000,77334.00000000,0.63587000
2026-05-25 22:21:00,77334.01000000,77334.01000000,77334.00000000,77334.00000000,0.26427000
2026-05-25 22:22:00,77334.00000000,77334.00000000,77294.92000000,77294.93000000,3.44747000
2026-05-25 22:23:00,77294.93000000,77294.93000000,77292.26000000,77292.26000000,1.08900000
2026-05-25 22:24:00,77292.26000000,77292.26000000,77282.20000000,77286.24000000,3.08349000
2026-05-25 22:25:00,77286.24000000,77308.53000000,77286.23000000,77308.52000000,3.88323000
2026-05-25 22:26:00,77308.53000000,77329.89000000,77308.52000000,77326.41000000,2.04013000
2026-05-25 22:27:00,77326.40000000,77340.30000000,77326.40000000,77340.30000000,1.51755000
2026-05-25 22:28:00,77340.30000000,77357.08000000,77340.29000000,77353.60000000,3.27601000
2026-05-25 22:29:00,77353.60000000,77353.60000000,77353.59000000,77353.59000000,1.17774000
2026-05-25 22:30:00,77353.59000000,77354.43000000,77353.59000000,77354.42000000,2.58716000
2026-05-25 22:31:00,77354.43000000,77354.43000000,77354.42000000,77354.43000000,0.40015000
2026-05-25 22:32:00,77354.43000000,77354.43000000,77354.42000000,77354.42000000,0.31889000
2026-05-25 22:33:00,77354.42000000,77354.43000000,77350.97000000,77350.98000000,1.10477000
2026-05-25 22:34:00,77350.97000000,77350.98000000,77345.64000000,77345.65000000,0.65074000
2026-05-25 22:35:00,77345.64000000,77367.91000000,77345.64000000,77367.91000000,2.37259000
2026-05-25 22:36:00,77367.90000000,77371.42000000,77295.37000000,77313.78000000,6.55536000
2026-05-25 22:37:00,77313.78000000,77324.00000000,77284.71000000,77284.72000000,4.90395000
2026-05-25 22:38:00,77284.71000000,77305.76000000,77279.64000000,77287.98000000,6.89961000
2026-05-25 22:39:00,77287.98000000,77317.96000000,77287.98000000,77317.96000000,11.80262000
2026-05-25 22:40:00,77317.96000000,77349.51000000,77317.96000000,77344.05000000,3.41841000
2026-05-25 22:41:00,77344.04000000,77344.35000000,77326.07000000,77344.35000000,1.73509000
2026-05-25 22:42:00,77344.34000000,77354.95000000,77344.34000000,77354.95000000,1.59177000
2026-05-25 22:43:00,77354.95000000,77358.37000000,77320.25000000,77329.67000000,8.81283000
2026-05-25 22:44:00,77329.67000000,77329.67000000,77277.46000000,77297.99000000,7.68930000
2026-05-25 22:45:00,77297.99000000,77305.45000000,77290.22000000,77295.84000000,7.52206000
2026-05-25 22:46:00,77295.85000000,77317.39000000,77295.84000000,77317.39000000,1.25247000
2026-05-25 22:47:00,77317.38000000,77317.95000000,77317.38000000,77317.94000000,0.28921000
2026-05-25 22:48:00,77317.95000000,77331.35000000,77317.94000000,77331.35000000,1.83083000
2026-05-25 22:49:00,77331.35000000,77331.35000000,77330.77000000,77330.77000000,1.59125000
2026-05-25 22:50:00,77330.77000000,77330.78000000,77308.06000000,77312.52000000,2.41539000
2026-05-25 22:51:00,77312.52000000,77324.00000000,77311.15000000,77311.15000000,4.17022000
2026-05-25 22:52:00,77311.15000000,77329.32000000,77311.15000000,77329.32000000,3.13090000
2026-05-25 22:53:00,77329.32000000,77351.68000000,77329.31000000,77351.68000000,5.90566000
2026-05-25 22:54:00,77351.68000000,77351.68000000,77322.82000000,77347.70000000,8.01809000
2026-05-25 22:55:00,77347.70000000,77358.36000000,77338.99000000,77338.99000000,1.22493000
2026-05-25 22:56:00,77338.99000000,77350.47000000,77338.99000000,77350.46000000,2.15972000
2026-05-25 22:57:00,77350.47000000,77396.08000000,77350.46000000,77380.01000000,6.29800000
2026-05-25 22:58:00,77380.01000000,77380.01000000,77380.00000000,77380.00000000,0.86826000
2026-05-25 22:59:00,77380.01000000,77386.51000000,77362.62000000,77367.03000000,4.95990000
2026-05-25 23:00:00,77367.03000000,77377.92000000,77317.00000000,77324.48000000,9.31969000
2026-05-25 23:01:00,77324.48000000,77337.19000000,77315.24000000,77337.18000000,1.66247000
2026-05-25 23:02:00,77337.19000000,77358.01000000,77293.61000000,77294.01000000,3.85235000
2026-05-25 23:03:00,77294.01000000,77322.00000000,77280.00000000,77304.01000000,4.48213000
2026-05-25 23:04:00,77304.01000000,77312.01000000,77283.80000000,77312.01000000,3.04541000
2026-05-25 23:05:00,77312.01000000,77386.67000000,77312.01000000,77386.66000000,5.32560000
2026-05-25 23:06:00,77386.65000000,77400.00000000,77367.13000000,77392.01000000,4.25192000
2026-05-25 23:07:00,77392.01000000,77392.01000000,77358.47000000,77372.34000000,2.37525000
2026-05-25 23:08:00,77372.33000000,77372.34000000,77349.81000000,77349.81000000,1.07891000
2026-05-25 23:09:00,77349.81000000,77349.81000000,77342.83000000,77342.84000000,1.16962000
2026-05-25 23:10:00,77342.84000000,77393.65000000,77329.47000000,77393.65000000,4.88854000
2026-05-25 23:11:00,77393.65000000,77400.00000000,77388.08000000,77400.00000000,1.40816000
2026-05-25 23:12:00,77400.00000000,77449.94000000,77399.99000000,77437.10000000,12.11355000
2026-05-25 23:13:00,77437.11000000,77437.11000000,77420.45000000,77423.95000000,1.80980000
2026-05-25 23:14:00,77423.95000000,77423.95000000,77408.09000000,77408.10000000,1.06687000
2026-05-25 23:15:00,77408.10000000,77408.10000000,77398.10000000,77406.66000000,0.95536000
2026-05-25 23:16:00,77406.66000000,77431.31000000,77406.65000000,77431.31000000,1.22870000
2026-05-25 23:17:00,77431.31000000,77431.31000000,77380.00000000,77382.51000000,2.19912000
2026-05-25 23:18:00,77382.52000000,77382.52000000,77354.56000000,77367.98000000,1.69589000
2026-05-25 23:19:00,77367.97000000,77367.98000000,77332.00000000,77349.99000000,6.91352000
2026-05-25 23:20:00,77350.00000000,77357.68000000,77335.49000000,77335.50000000,1.49575000
2026-05-25 23:21:00,77335.50000000,77355.03000000,77335.49000000,77355.03000000,2.06549000
2026-05-25 23:22:00,77355.03000000,77386.67000000,77355.03000000,77386.66000000,2.63131000
2026-05-25 23:23:00,77386.66000000,77386.67000000,77380.77000000,77380.77000000,1.95097000
2026-05-25 23:24:00,77380.78000000,77380.78000000,77370.04000000,77370.04000000,2.51543000
2026-05-25 23:25:00,77370.04000000,77370.05000000,77346.00000000,77362.01000000,3.42250000
2026-05-25 23:26:00,77362.01000000,77362.01000000,77310.00000000,77310.00000000,4.61804000
2026-05-25 23:27:00,77310.00000000,77310.01000000,77306.78000000,77306.78000000,1.99941000
2026-05-25 23:28:00,77306.78000000,77306.79000000,77274.41000000,77274.41000000,2.49792000
2026-05-25 23:29:00,77274.42000000,77297.07000000,77274.41000000,77297.07000000,1.82066000
2026-05-25 23:30:00,77297.06000000,77297.06000000,77130.76000000,77187.26000000,35.47345000
2026-05-25 23:31:00,77187.26000000,77194.00000000,77150.00000000,77150.01000000,15.47280000
2026-05-25 23:32:00,77150.01000000,77167.28000000,77125.14000000,77133.78000000,48.99048000
2026-05-25 23:33:00,77133.78000000,77140.00000000,77071.14000000,77100.01000000,69.62117000
2026-05-25 23:34:00,77100.00000000,77135.37000000,77100.00000000,77135.36000000,3.90478000
2026-05-25 23:35:00,77135.37000000,77135.37000000,77085.25000000,77107.08000000,5.13502000
2026-05-25 23:36:00,77107.07000000,77107.08000000,77019.82000000,77093.31000000,57.62751000
2026-05-25 23:37:00,77093.32000000,77134.01000000,77082.35000000,77121.11000000,6.07954000
2026-05-25 23:38:00,77121.11000000,77158.00000000,77121.10000000,77156.01000000,1.58293000
2026-05-25 23:39:00,77156.01000000,77180.00000000,77156.00000000,77179.99000000,2.79611000
2026-05-25 23:40:00,77180.00000000,77180.00000000,77156.79000000,77163.46000000,3.21774000
2026-05-25 23:41:00,77163.46000000,77203.66000000,77163.46000000,77170.01000000,3.71611000
2026-05-25 23:42:00,77170.01000000,77170.01000000,77136.30000000,77151.43000000,3.45789000
2026-05-25 23:43:00,77151.42000000,77161.23000000,77148.00000000,77161.22000000,1.72085000
2026-05-25 23:44:00,77161.22000000,77189.73000000,77161.22000000,77186.24000000,1.21912000
2026-05-25 23:45:00,77186.25000000,77203.66000000,77178.77000000,77203.66000000,1.51606000
2026-05-25 23:46:00,77203.66000000,77203.66000000,77195.22000000,77195.22000000,0.98528000
2026-05-25 23:47:00,77195.23000000,77215.88000000,77195.22000000,77215.88000000,1.43123000
2026-05-25 23:48:00,77215.87000000,77215.88000000,77191.45000000,77191.45000000,1.93875000
2026-05-25 23:49:00,77191.46000000,77220.00000000,77191.45000000,77219.99000000,2.26120000
2026-05-25 23:50:00,77219.99000000,77238.25000000,77218.97000000,77238.25000000,2.65725000
2026-05-25 23:51:00,77238.26000000,77242.73000000,77238.26000000,77242.73000000,0.71403000
2026-05-25 23:52:00,77242.72000000,77242.73000000,77204.24000000,77204.24000000,3.38473000
2026-05-25 23:53:00,77204.24000000,77219.58000000,77204.24000000,77219.58000000,0.93537000
2026-05-25 23:54:00,77219.57000000,77219.58000000,77219.57000000,77219.58000000,0.40563000
2026-05-25 23:55:00,77219.58000000,77219.58000000,77176.45000000,77185.93000000,7.76074000
2026-05-25 23:56:00,77185.93000000,77210.00000000,77185.93000000,77209.99000000,1.28374000
2026-05-25 23:57:00,77210.00000000,77210.00000000,77179.72000000,77179.72000000,4.17773000
2026-05-25 23:58:00,77179.72000000,77187.29000000,77148.00000000,77148.01000000,3.57616000
2026-05-25 23:59:00,77148.00000000,77148.00000000,77116.21000000,77116.21000000,6.81853000
2026-05-26 00:00:00,77116.21000000,77149.98000000,77072.36000000,77149.98000000,13.11184000
2026-05-26 00:01:00,77149.99000000,77161.19000000,77144.71000000,77146.37000000,4.57939000
2026-05-26 00:02:00,77146.36000000,77178.71000000,77116.00000000,77178.71000000,4.11695000
2026-05-26 00:03:00,77178.71000000,77189.93000000,77178.71000000,77189.93000000,3.93954000
2026-05-26 00:04:00,77189.93000000,77193.80000000,77175.47000000,77186.93000000,2.73953000
2026-05-26 00:05:00,77186.93000000,77216.01000000,77183.04000000,77216.01000000,1.99056000
2026-05-26 00:06:00,77216.00000000,77245.67000000,77216.00000000,77245.67000000,3.19729000
2026-05-26 00:07:00,77245.67000000,77285.64000000,77245.66000000,77282.39000000,4.95699000
2026-05-26 00:08:00,77282.16000000,77282.16000000,77250.91000000,77260.01000000,8.32687000
2026-05-26 00:09:00,77260.01000000,77273.80000000,77254.68000000,77268.83000000,4.69460000
2026-05-26 00:10:00,77268.83000000,77268.83000000,77230.00000000,77259.66000000,3.55186000
2026-05-26 00:11:00,77259.66000000,77259.66000000,77259.65000000,77259.66000000,0.51124000
2026-05-26 00:12:00,77259.66000000,77268.85000000,77259.65000000,77259.65000000,1.54199000
2026-05-26 00:13:00,77259.66000000,77259.66000000,77253.28000000,77253.29000000,3.04096000
2026-05-26 00:14:00,77253.29000000,77286.00000000,77253.28000000,77286.00000000,1.71753000
2026-05-26 00:15:00,77286.00000000,77320.00000000,77285.99000000,77300.02000000,5.59577000
2026-05-26 00:16:00,77300.02000000,77304.01000000,77294.98000000,77294.98000000,2.54289000
2026-05-26 00:17:00,77294.98000000,77294.98000000,77288.95000000,77291.64000000,4.18088000
2026-05-26 00:18:00,77291.64000000,77291.64000000,77290.57000000,77290.58000000,1.29405000
2026-05-26 00:19:00,77290.58000000,77290.58000000,77265.16000000,77265.17000000,5.56031000
2026-05-26 00:20:00,77265.17000000,77285.73000000,77260.61000000,77260.61000000,3.74677000
2026-05-26 00:21:00,77260.61000000,77266.00000000,77258.71000000,77262.29000000,0.94101000
2026-05-26 00:22:00,77262.29000000,77273.64000000,77262.28000000,77273.64000000,2.43151000
2026-05-26 00:23:00,77273.64000000,77282.01000000,77268.58000000,77282.01000000,2.18932000
2026-05-26 00:24:00,77282.00000000,77285.25000000,77282.00000000,77285.25000000,0.54021000
2026-05-26 00:25:00,77285.25000000,77291.97000000,77285.24000000,77291.42000000,1.19063000
2026-05-26 00:26:00,77291.42000000,77300.00000000,77283.51000000,77283.52000000,3.50862000
2026-05-26 00:27:00,77283.51000000,77288.01000000,77281.61000000,77288.01000000,1.28845000
2026-05-26 00:28:00,77288.01000000,77294.70000000,77283.31000000,77283.32000000,2.89341000
2026-05-26 00:29:00,77283.31000000,77283.32000000,77271.75000000,77280.05000000,2.68575000
2026-05-26 00:30:00,77280.06000000,77290.01000000,77264.00000000,77290.01000000,1.96844000
2026-05-26 00:31:00,77290.01000000,77310.71000000,77288.59000000,77310.71000000,1.38311000
2026-05-26 00:32:00,77310.71000000,77331.34000000,77310.71000000,77331.34000000,1.92262000
2026-05-26 00:33:00,77331.34000000,77331.34000000,77309.16000000,77319.75000000,2.74902000
2026-05-26 00:34:00,77319.76000000,77324.00000000,77315.82000000,77323.99000000,1.09062000
2026-05-26 00:35:00,77323.99000000,77324.00000000,77315.45000000,77315.46000000,1.12739000
2026-05-26 00:36:00,77315.45000000,77324.00000000,77315.45000000,77324.00000000,1.35640000
2026-05-26 00:37:00,77323.99000000,77335.13000000,77320.00000000,77320.01000000,1.97153000
2026-05-26 00:38:00,77320.01000000,77328.24000000,77320.00000000,77328.24000000,1.51370000
2026-05-26 00:39:00,77328.24000000,77351.52000000,77328.23000000,77351.52000000,1.29775000
2026-05-26 00:40:00,77351.52000000,77351.52000000,77332.67000000,77332.68000000,2.13742000
2026-05-26 00:41:00,77332.68000000,77347.83000000,77332.67000000,77347.83000000,1.18165000
2026-05-26 00:42:00,77347.82000000,77360.00000000,77347.82000000,77359.99000000,1.35251000
2026-05-26 00:43:00,77359.99000000,77360.00000000,77347.68000000,77347.68000000,3.33617000
2026-05-26 00:44:00,77347.69000000,77347.69000000,77340.00000000,77340.01000000,0.92935000
2026-05-26 00:45:00,77340.00000000,77340.00000000,77320.72000000,77331.30000000,2.73816000
2026-05-26 00:46:00,77331.30000000,77331.30000000,77331.29000000,77331.30000000,1.36261000
2026-05-26 00:47:00,77331.29000000,77331.30000000,77331.29000000,77331.30000000,0.80299000
2026-05-26 00:48:00,77331.30000000,77331.30000000,77310.00000000,77310.01000000,1.82615000
2026-05-26 00:49:00,77310.01000000,77324.00000000,77310.00000000,77324.00000000,1.55172000
2026-05-26 00:50:00,77323.99000000,77324.00000000,77292.05000000,77298.84000000,3.70583000
2026-05-26 00:51:00,77298.85000000,77331.30000000,77298.84000000,77331.29000000,4.36548000
2026-05-26 00:52:00,77331.30000000,77331.30000000,77331.29000000,77331.29000000,0.29799000
2026-05-26 00:53:00,77331.30000000,77331.30000000,77322.00000000,77331.23000000,2.57277000
2026-05-26 00:54:00,77331.24000000,77337.95000000,77331.23000000,77337.95000000,0.90098000
2026-05-26 00:55:00,77337.96000000,77337.96000000,77337.95000000,77337.96000000,0.55647000
2026-05-26 00:56:00,77337.95000000,77342.87000000,77337.95000000,77342.87000000,1.02833000
2026-05-26 00:57:00,77342.86000000,77342.87000000,77342.86000000,77342.87000000,0.45257000
2026-05-26 00:58:00,77342.87000000,77367.44000000,77342.86000000,77353.32000000,6.43601000
2026-05-26 00:59:00,77353.32000000,77353.33000000,77322.00000000,77322.01000000,6.09221000
2026-05-26 01:00:00,77322.01000000,77334.95000000,77312.67000000,77331.46000000,7.83625000
2026-05-26 01:01:00,77331.45000000,77345.00000000,77268.86000000,77272.39000000,5.87409000
2026-05-26 01:02:00,77272.39000000,77281.52000000,77262.00000000,77281.38000000,7.63837000
2026-05-26 01:03:00,77281.38000000,77294.73000000,77281.38000000,77282.92000000,2.85064000
2026-05-26 01:04:00,77282.92000000,77282.92000000,77262.18000000,77262.23000000,3.79117000
2026-05-26 01:05:00,77262.22000000,77294.73000000,77262.22000000,77274.39000000,10.14743000
2026-05-26 01:06:00,77274.38000000,77283.07000000,77266.00000000,77266.00000000,2.71170000
2026-05-26 01:07:00,77266.00000000,77285.27000000,77259.00000000,77272.40000000,8.11039000
2026-05-26 01:08:00,77272.40000000,77272.41000000,77250.00000000,77250.00000000,4.13744000
2026-05-26 01:09:00,77250.00000000,77250.01000000,77214.00000000,77238.00000000,5.49800000
2026-05-26 01:10:00,77238.01000000,77238.01000000,77219.53000000,77219.54000000,3.12407000
2026-05-26 01:11:00,77219.54000000,77223.94000000,77219.53000000,77222.18000000,2.25445000
2026-05-26 01:12:00,77222.18000000,77228.01000000,77222.15000000,77228.00000000,1.84783000
2026-05-26 01:13:00,77228.01000000,77232.00000000,77228.00000000,77231.98000000,1.64372000
2026-05-26 01:14:00,77231.98000000,77231.99000000,77231.98000000,77231.99000000,0.59828000
2026-05-26 01:15:00,77231.99000000,77244.41000000,77214.00000000,77230.00000000,3.59796000
2026-05-26 01:16:00,77230.00000000,77230.00000000,77200.00000000,77200.00000000,2.12049000
2026-05-26 01:17:00,77200.01000000,77200.01000000,77176.18000000,77176.18000000,3.71360000
2026-05-26 01:18:00,77176.18000000,77179.99000000,77145.09000000,77145.09000000,36.15081000
2026-05-26 01:19:00,77145.08000000,77153.01000000,77120.00000000,77153.00000000,6.18786000
2026-05-26 01:20:00,77153.01000000,77153.01000000,77122.96000000,77130.66000000,7.15813000
2026-05-26 01:21:00,77130.67000000,77134.00000000,77130.66000000,77133.99000000,0.85784000
2026-05-26 01:22:00,77134.00000000,77134.00000000,77093.46000000,77097.95000000,9.57439000
2026-05-26 01:23:00,77097.96000000,77097.96000000,77088.00000000,77088.00000000,3.54886000
2026-05-26 01:24:00,77088.01000000,77128.44000000,77088.01000000,77128.43000000,5.72236000
2026-05-26 01:25:00,77128.43000000,77131.43000000,77103.00000000,77103.01000000,2.54643000
2026-05-26 01:26:00,77103.01000000,77127.87000000,77103.00000000,77127.86000000,2.97595000
2026-05-26 01:27:00,77127.87000000,77164.01000000,77127.87000000,77160.53000000,2.92163000
2026-05-26 01:28:00,77160.54000000,77160.54000000,77149.40000000,77149.41000000,2.06132000
2026-05-26 01:29:00,77149.41000000,77157.06000000,77119.99000000,77119.99000000,43.66562000
2026-05-26 01:30:00,77120.00000000,77170.01000000,77119.99000000,77170.01000000,45.90804000
2026-05-26 01:31:00,77170.00000000,77195.25000000,77170.00000000,77186.00000000,2.42641000
2026-05-26 01:32:00,77186.00000000,77186.01000000,77118.88000000,77129.61000000,8.31598000
2026-05-26 01:33:00,77129.61000000,77139.12000000,77120.00000000,77127.31000000,1.76697000
2026-05-26 01:34:00,77127.32000000,77139.12000000,77117.87000000,77117.87000000,16.58747000
2026-05-26 01:35:00,77117.87000000,77117.87000000,77089.97000000,77091.04000000,19.17273000
2026-05-26 01:36:00,77091.05000000,77093.58000000,77089.97000000,77093.57000000,1.54275000
2026-05-26 01:37:00,77093.57000000,77093.58000000,77018.67000000,77053.20000000,17.81160000
2026-05-26 01:38:00,77053.21000000,77053.21000000,76948.91000000,76948.92000000,35.78172000
2026-05-26 01:39:00,76948.92000000,76996.00000000,76948.92000000,76970.01000000,9.91029000
2026-05-26 01:40:00,76970.02000000,76970.02000000,76928.07000000,76928.08000000,6.57301000
2026-05-26 01:41:00,76928.08000000,76928.08000000,76886.06000000,76894.00000000,12.01717000
2026-05-26 01:42:00,76894.01000000,76897.60000000,76887.33000000,76887.33000000,6.15429000
2026-05-26 01:43:00,76887.34000000,76893.47000000,76861.77000000,76865.65000000,8.87088000
2026-05-26 01:44:00,76865.64000000,76870.00000000,76832.53000000,76870.00000000,10.56590000
2026-05-26 01:45:00,76870.00000000,76914.94000000,76861.47000000,76914.93000000,5.53047000
2026-05-26 01:46:00,76914.94000000,76930.01000000,76907.61000000,76926.79000000,6.04103000
2026-05-26 01:47:00,76926.79000000,76926.79000000,76858.00000000,76858.01000000,9.24715000
2026-05-26 01:48:00,76858.01000000,76858.89000000,76812.00000000,76858.77000000,50.99278000
2026-05-26 01:49:00,76858.76000000,76888.47000000,76858.76000000,76882.04000000,9.13983000
2026-05-26 01:50:00,76882.04000000,76882.04000000,76808.61000000,76808.61000000,10.09836000
2026-05-26 01:51:00,76808.62000000,76808.62000000,76721.54000000,76721.62000000,68.42212000
2026-05-26 01:52:00,76721.63000000,76721.63000000,76616.61000000,76616.81000000,38.51007000
2026-05-26 01:53:00,76616.81000000,76619.33000000,76575.49000000,76584.44000000,21.09710000
2026-05-26 01:54:00,76584.44000000,76729.31000000,76584.44000000,76725.83000000,19.72156000
2026-05-26 01:55:00,76725.83000000,76844.23000000,76725.82000000,76831.67000000,18.76713000
2026-05-26 01:56:00,76831.68000000,76831.68000000,76786.35000000,76819.25000000,8.55529000
2026-05-26 01:57:00,76819.24000000,76819.25000000,76788.23000000,76791.70000000,5.08659000
2026-05-26 01:58:00,76791.70000000,76832.01000000,76788.24000000,76832.00000000,2.43447000
2026-05-26 01:59:00,76832.01000000,76843.04000000,76792.71000000,76792.71000000,8.26090000
2026-05-26 02:00:00,76792.24000000,76792.24000000,76694.88000000,76717.64000000,18.94336000
2026-05-26 02:01:00,76717.64000000,76739.67000000,76710.53000000,76739.67000000,7.64695000
2026-05-26 02:02:00,76739.67000000,76739.67000000,76694.88000000,76694.88000000,5.47889000
2026-05-26 02:03:00,76694.89000000,76694.89000000,76615.97000000,76659.00000000,9.02544000
2026-05-26 02:04:00,76659.01000000,76682.68000000,76648.29000000,76648.30000000,7.43106000
2026-05-26 02:05:00,76648.30000000,76707.60000000,76644.30000000,76704.00000000,9.13927000
2026-05-26 02:06:00,76704.00000000,76743.24000000,76692.69000000,76743.24000000,6.15593000
2026-05-26 02:07:00,76743.24000000,76744.86000000,76710.00000000,76710.01000000,3.75091000
2026-05-26 02:08:00,76710.01000000,76732.23000000,76674.00000000,76732.23000000,7.15106000
2026-05-26 02:09:00,76732.23000000,76732.23000000,76685.07000000,76685.07000000,3.16557000
2026-05-26 02:10:00,76685.07000000,76705.97000000,76670.00000000,76705.96000000,3.28691000
2026-05-26 02:11:00,76705.97000000,76760.47000000,76705.97000000,76760.46000000,6.38373000
2026-05-26 02:12:00,76760.47000000,76816.25000000,76760.46000000,76816.25000000,5.62925000
2026-05-26 02:13:00,76816.25000000,76878.43000000,76799.22000000,76838.93000000,12.49735000
2026-05-26 02:14:00,76838.93000000,76838.93000000,76829.61000000,76835.07000000,3.92838000
2026-05-26 02:15:00,76835.06000000,76836.71000000,76807.87000000,76836.71000000,10.60277000
2026-05-26 02:16:00,76836.70000000,76888.01000000,76823.48000000,76824.02000000,9.09114000
2026-05-26 02:17:00,76824.02000000,76844.83000000,76814.54000000,76844.82000000,2.86972000
2026-05-26 02:18:00,76844.82000000,76861.78000000,76844.82000000,76858.01000000,1.84222000
2026-05-26 02:19:00,76858.00000000,76858.01000000,76843.00000000,76844.35000000,1.53297000
2026-05-26 02:20:00,76844.35000000,76856.33000000,76842.14000000,76842.15000000,2.19831000
2026-05-26 02:21:00,76842.15000000,76842.15000000,76814.00000000,76814.01000000,1.48607000
2026-05-26 02:22:00,76814.00000000,76826.01000000,76809.35000000,76826.01000000,2.21293000
2026-05-26 02:23:00,76826.00000000,76826.01000000,76798.38000000,76822.01000000,6.70071000
2026-05-26 02:24:00,76822.01000000,76829.61000000,76822.00000000,76829.60000000,6.69525000
2026-05-26 02:25:00,76829.60000000,76829.61000000,76790.00000000,76790.01000000,3.48338000
2026-05-26 02:26:00,76790.01000000,76790.01000000,76742.00000000,76744.53000000,2.71644000
2026-05-26 02:27:00,76744.52000000,76769.39000000,76737.08000000,76769.39000000,2.73776000
2026-05-26 02:28:00,76769.39000000,76804.00000000,76769.38000000,76804.00000000,1.74252000
2026-05-26 02:29:00,76803.99000000,76804.00000000,76799.49000000,76799.49000000,3.67828000
2026-05-26 02:30:00,76799.50000000,76799.50000000,76727.60000000,76765.58000000,6.18511000
2026-05-26 02:31:00,76765.58000000,76769.04000000,76765.57000000,76769.04000000,0.64841000
2026-05-26 02:32:00,76769.03000000,76769.04000000,76730.00000000,76730.01000000,3.75453000
2026-05-26 02:33:00,76730.00000000,76730.00000000,76645.42000000,76667.88000000,10.67899000
2026-05-26 02:34:00,76667.87000000,76667.87000000,76625.81000000,76660.00000000,6.27542000
2026-05-26 02:35:00,76660.00000000,76700.00000000,76645.19000000,76700.00000000,6.61431000
2026-05-26 02:36:00,76700.00000000,76730.00000000,76691.42000000,76691.42000000,5.19189000
2026-05-26 02:37:00,76691.43000000,76691.43000000,76660.00000000,76671.28000000,3.82543000
2026-05-26 02:38:00,76671.28000000,76693.33000000,76671.27000000,76673.61000000,2.87118000
2026-05-26 02:39:00,76673.61000000,76692.81000000,76657.63000000,76657.63000000,13.10762000
2026-05-26 02:40:00,76657.63000000,76657.63000000,76632.75000000,76638.01000000,12.05783000
2026-05-26 02:41:00,76638.00000000,76638.00000000,76620.00000000,76627.22000000,2.11948000
2026-05-26 02:42:00,76627.21000000,76668.72000000,76627.21000000,76666.00000000,13.69700000
2026-05-26 02:43:00,76666.01000000,76666.01000000,76646.00000000,76649.99000000,3.26510000
2026-05-26 02:44:00,76650.00000000,76666.00000000,76590.90000000,76666.00000000,10.90136000
2026-05-26 02:45:00,76666.00000000,76714.42000000,76662.00000000,76713.36000000,10.09601000
2026-05-26 02:46:00,76713.37000000,76727.86000000,76673.82000000,76704.00000000,5.50974000
2026-05-26 02:47:00,76704.01000000,76783.51000000,76704.00000000,76770.90000000,6.44692000
2026-05-26 02:48:00,76770.89000000,76774.00000000,76749.86000000,76756.12000000,2.40341000
2026-05-26 02:49:00,76756.12000000,76781.32000000,76756.11000000,76762.25000000,4.95442000
2026-05-26 02:50:00,76762.25000000,76780.00000000,76762.24000000,76776.13000000,4.78876000
2026-05-26 02:51:00,76776.12000000,76783.51000000,76760.80000000,76760.80000000,4.61390000
2026-05-26 02:52:00,76760.80000000,76782.01000000,76759.58000000,76770.11000000,7.07027000
2026-05-26 02:53:00,76770.11000000,76791.50000000,76770.11000000,76791.49000000,4.59287000
2026-05-26 02:54:00,76791.50000000,76791.50000000,76771.81000000,76771.82000000,2.35095000
2026-05-26 02:55:00,76771.82000000,76771.82000000,76768.42000000,76769.34000000,1.07937000
2026-05-26 02:56:00,76769.34000000,76786.67000000,76760.49000000,76784.80000000,6.33081000
2026-05-26 02:57:00,76784.80000000,76784.80000000,76750.00000000,76750.01000000,2.82386000
2026-05-26 02:58:00,76750.01000000,76761.71000000,76750.00000000,76755.86000000,5.59333000
2026-05-26 02:59:00,76755.86000000,76764.81000000,76755.85000000,76756.98000000,2.99850000
2026-05-26 03:00:00,76756.98000000,76798.44000000,76647.12000000,76672.01000000,148.78003000
2026-05-26 03:01:00,76672.01000000,76672.01000000,76630.33000000,76658.95000000,8.55210000
2026-05-26 03:02:00,76658.94000000,76688.01000000,76636.50000000,76684.01000000,9.24770000
2026-05-26 03:03:00,76684.01000000,76727.26000000,76684.01000000,76716.46000000,7.00030000
2026-05-26 03:04:00,76716.45000000,76725.37000000,76706.35000000,76708.23000000,4.88634000
2026-05-26 03:05:00,76708.22000000,76759.07000000,76708.22000000,76759.07000000,7.82617000
2026-05-26 03:06:00,76759.08000000,76783.51000000,76748.00000000,76757.98000000,8.16438000
2026-05-26 03:07:00,76757.99000000,76757.99000000,76739.02000000,76739.02000000,3.05761000
2026-05-26 03:08:00,76739.02000000,76780.00000000,76739.02000000,76772.46000000,9.46529000
2026-05-26 03:09:00,76772.46000000,76802.21000000,76772.45000000,76802.21000000,8.96670000
2026-05-26 03:10:00,76802.21000000,76802.21000000,76784.38000000,76787.68000000,1.74345000
2026-05-26 03:11:00,76787.69000000,76790.01000000,76775.71000000,76775.72000000,2.23942000
2026-05-26 03:12:00,76775.71000000,76796.92000000,76775.71000000,76796.91000000,6.10311000
2026-05-26 03:13:00,76796.91000000,76810.00000000,76792.80000000,76810.00000000,3.60151000
2026-05-26 03:14:00,76810.00000000,76810.00000000,76749.99000000,76750.00000000,106.34842000
2026-05-26 03:15:00,76749.99000000,76750.79000000,76749.99000000,76750.79000000,3.77365000
2026-05-26 03:16:00,76750.79000000,76750.79000000,76716.00000000,76716.01000000,4.95717000
2026-05-26 03:17:00,76716.01000000,76716.01000000,76696.00000000,76714.00000000,7.92120000
2026-05-26 03:18:00,76714.01000000,76739.54000000,76714.01000000,76739.54000000,7.44828000
2026-05-26 03:19:00,76739.53000000,76775.04000000,76739.53000000,76775.03000000,53.29128000
2026-05-26 03:20:00,76775.03000000,76775.04000000,76731.46000000,76731.47000000,5.11807000
2026-05-26 03:21:00,76731.47000000,76752.02000000,76730.59000000,76734.77000000,4.77510000
2026-05-26 03:22:00,76734.77000000,76742.53000000,76720.00000000,76720.01000000,2.62358000
2026-05-26 03:23:00,76720.01000000,76720.01000000,76702.13000000,76707.72000000,54.62272000
2026-05-26 03:24:00,76707.73000000,76750.00000000,76697.59000000,76744.05000000,5.25841000
2026-05-26 03:25:00,76744.00000000,76744.00000000,76723.24000000,76736.40000000,3.88308000
2026-05-26 03:26:00,76736.39000000,76736.40000000,76712.89000000,76712.89000000,2.76748000
2026-05-26 03:27:00,76712.89000000,76740.00000000,76712.89000000,76732.48000000,4.45424000
2026-05-26 03:28:00,76732.48000000,76732.48000000,76697.92000000,76697.93000000,2.79735000
2026-05-26 03:29:00,76697.92000000,76697.92000000,76662.99000000,76666.45000000,5.66703000
2026-05-26 03:30:00,76666.45000000,76689.09000000,76654.04000000,76662.10000000,12.63734000
2026-05-26 03:31:00,76662.11000000,76663.97000000,76660.00000000,76663.97000000,2.08502000
2026-05-26 03:32:00,76663.97000000,76676.89000000,76663.96000000,76676.88000000,2.83887000
2026-05-26 03:33:00,76676.89000000,76681.06000000,76676.88000000,76681.06000000,3.32650000
2026-05-26 03:34:00,76681.06000000,76684.84000000,76668.80000000,76668.81000000,3.57034000
2026-05-26 03:35:00,76668.81000000,76700.00000000,76668.80000000,76694.60000000,6.65510000
2026-05-26 03:36:00,76694.60000000,76694.60000000,76673.22000000,76690.51000000,5.35924000
2026-05-26 03:37:00,76690.51000000,76736.53000000,76690.51000000,76710.01000000,4.48444000
2026-05-26 03:38:00,76710.00000000,76710.01000000,76673.12000000,76673.13000000,8.70796000
2026-05-26 03:39:00,76673.12000000,76673.13000000,76662.62000000,76662.62000000,3.16597000
2026-05-26 03:40:00,76662.62000000,76671.86000000,76658.03000000,76658.04000000,3.83355000
2026-05-26 03:41:00,76658.04000000,76658.04000000,76635.27000000,76635.27000000,3.17384000
2026-05-26 03:42:00,76635.28000000,76635.28000000,76596.00000000,76626.02000000,10.15786000
2026-05-26 03:43:00,76626.02000000,76626.03000000,76603.22000000,76603.23000000,5.15956000
2026-05-26 03:44:00,76603.23000000,76603.23000000,76596.01000000,76596.02000000,2.21033000
2026-05-26 03:45:00,76596.01000000,76596.02000000,76580.86000000,76580.86000000,6.37704000
2026-05-26 03:46:00,76580.87000000,76580.87000000,76512.98000000,76514.87000000,45.93505000
2026-05-26 03:47:00,76514.87000000,76626.01000000,76514.26000000,76626.01000000,18.00820000
2026-05-26 03:48:00,76626.00000000,76650.00000000,76616.00000000,76616.32000000,13.11130000
2026-05-26 03:49:00,76616.33000000,76631.45000000,76616.31000000,76631.45000000,3.29951000
2026-05-26 03:50:00,76631.45000000,76676.89000000,76631.44000000,76676.89000000,3.99315000
2026-05-26 03:51:00,76676.89000000,76676.89000000,76661.23000000,76668.41000000,6.65584000
2026-05-26 03:52:00,76668.41000000,76676.89000000,76668.40000000,76676.89000000,1.70969000
2026-05-26 03:53:00,76676.89000000,76676.89000000,76676.88000000,76676.89000000,3.52243000
2026-05-26 03:54:00,76676.88000000,76676.88000000,76649.21000000,76649.22000000,1.97707000
2026-05-26 03:55:00,76649.21000000,76672.30000000,76637.67000000,76665.04000000,11.86233000
2026-05-26 03:56:00,76665.04000000,76674.13000000,76661.61000000,76661.62000000,4.16991000
2026-05-26 03:57:00,76661.61000000,76661.62000000,76619.03000000,76619.04000000,2.76759000
2026-05-26 03:58:00,76619.04000000,76619.04000000,76619.03000000,76619.04000000,1.84158000
2026-05-26 03:59:00,76619.04000000,76660.00000000,76619.03000000,76660.00000000,13.50079000
2026-05-26 04:00:00,76660.00000000,76660.00000000,76640.00000000,76640.01000000,3.35556000
2026-05-26 04:01:00,76640.01000000,76646.63000000,76618.92000000,76646.63000000,7.56100000
2026-05-26 04:02:00,76646.63000000,76653.29000000,76646.62000000,76650.55000000,3.06383000
2026-05-26 04:03:00,76650.55000000,76650.56000000,76607.77000000,76607.78000000,4.11953000
2026-05-26 04:04:00,76607.78000000,76618.00000000,76607.77000000,76607.89000000,5.70872000
2026-05-26 04:05:00,76607.88000000,76634.01000000,76607.88000000,76621.75000000,5.26800000
2026-05-26 04:06:00,76621.74000000,76621.75000000,76592.33000000,76592.34000000,4.20211000
2026-05-26 04:07:00,76592.34000000,76628.01000000,76584.94000000,76628.01000000,6.82435000
2026-05-26 04:08:00,76628.01000000,76628.01000000,76627.99000000,76628.00000000,0.96777000
2026-05-26 04:09:00,76628.00000000,76628.00000000,76586.71000000,76592.00000000,5.55752000
2026-05-26 04:10:00,76591.99000000,76616.01000000,76591.99000000,76616.01000000,6.60264000
2026-05-26 04:11:00,76616.00000000,76645.15000000,76616.00000000,76632.01000000,4.63132000
2026-05-26 04:12:00,76632.00000000,76639.66000000,76620.06000000,76620.07000000,4.42520000
2026-05-26 04:13:00,76620.07000000,76620.07000000,76581.99000000,76581.99000000,1.98433000
2026-05-26 04:14:00,76581.99000000,76581.99000000,76565.72000000,76565.73000000,1.63716000
2026-05-26 04:15:00,76565.73000000,76580.00000000,76554.70000000,76580.00000000,8.51225000
2026-05-26 04:16:00,76579.99000000,76598.00000000,76579.99000000,76580.85000000,7.06189000
2026-05-26 04:17:00,76580.85000000,76584.45000000,76580.85000000,76584.44000000,6.42892000
2026-05-26 04:18:00,76584.45000000,76584.45000000,76567.28000000,76567.28000000,6.30694000
2026-05-26 04:19:00,76567.28000000,76567.29000000,76553.25000000,76553.26000000,8.44893000
2026-05-26 04:20:00,76553.25000000,76600.00000000,76550.10000000,76599.99000000,12.90254000
2026-05-26 04:21:00,76599.99000000,76602.01000000,76576.00000000,76581.97000000,8.14091000
2026-05-26 04:22:00,76581.97000000,76606.01000000,76581.24000000,76581.25000000,8.28369000
2026-05-26 04:23:00,76581.25000000,76581.25000000,76569.89000000,76578.00000000,2.11029000
2026-05-26 04:24:00,76578.00000000,76578.01000000,76573.99000000,76574.00000000,2.61601000
2026-05-26 04:25:00,76573.99000000,76573.99000000,76543.67000000,76553.99000000,6.55782000
2026-05-26 04:26:00,76553.99000000,76553.99000000,76549.46000000,76549.46000000,2.81756000
2026-05-26 04:27:00,76549.46000000,76549.47000000,76475.59000000,76475.60000000,76.80689000
2026-05-26 04:28:00,76475.60000000,76546.02000000,76475.59000000,76533.99000000,33.72982000
2026-05-26 04:29:00,76533.99000000,76585.34000000,76519.66000000,76585.34000000,22.71336000
2026-05-26 04:30:00,76585.34000000,76610.00000000,76562.25000000,76562.26000000,8.07581000
2026-05-26 04:31:00,76562.25000000,76620.00000000,76562.25000000,76620.00000000,5.93720000
2026-05-26 04:32:00,76620.00000000,76632.02000000,76619.99000000,76629.98000000,4.54167000
2026-05-26 04:33:00,76629.99000000,76658.55000000,76629.98000000,76658.54000000,3.91630000
2026-05-26 04:34:00,76658.54000000,76662.52000000,76658.54000000,76662.51000000,3.11257000
2026-05-26 04:35:00,76662.52000000,76662.52000000,76656.00000000,76656.01000000,2.80543000
2026-05-26 04:36:00,76656.00000000,76676.89000000,76656.00000000,76674.01000000,6.55690000
2026-05-26 04:37:00,76674.00000000,76683.91000000,76674.00000000,76683.91000000,5.00831000
2026-05-26 04:38:00,76683.90000000,76705.71000000,76682.93000000,76705.70000000,10.83528000
2026-05-26 04:39:00,76705.69000000,76705.70000000,76684.00000000,76684.00000000,6.62662000
2026-05-26 04:40:00,76684.00000000,76684.00000000,76676.89000000,76676.90000000,2.94625000
2026-05-26 04:41:00,76676.90000000,76676.90000000,76657.16000000,76657.16000000,2.97647000
2026-05-26 04:42:00,76657.17000000,76657.17000000,76657.16000000,76657.17000000,1.40120000
2026-05-26 04:43:00,76657.17000000,76657.17000000,76655.57000000,76655.57000000,2.69900000
2026-05-26 04:44:00,76655.57000000,76655.58000000,76655.57000000,76655.57000000,1.32755000
2026-05-26 04:45:00,76655.58000000,76655.58000000,76655.57000000,76655.58000000,0.43208000
2026-05-26 04:46:00,76655.58000000,76660.38000000,76645.89000000,76652.84000000,9.03555000
2026-05-26 04:47:00,76652.85000000,76652.85000000,76639.98000000,76639.99000000,0.91175000
2026-05-26 04:48:00,76639.98000000,76652.01000000,76636.83000000,76652.01000000,6.89352000
2026-05-26 04:49:00,76652.00000000,76655.94000000,76652.00000000,76655.93000000,7.44206000
2026-05-26 04:50:00,76655.94000000,76655.94000000,76654.07000000,76654.08000000,2.12844000
2026-05-26 04:51:00,76654.08000000,76654.08000000,76652.00000000,76652.01000000,1.23852000
2026-05-26 04:52:00,76652.01000000,76676.89000000,76652.00000000,76676.89000000,5.97577000
2026-05-26 04:53:00,76676.89000000,76676.89000000,76661.04000000,76661.04000000,2.24804000
2026-05-26 04:54:00,76661.04000000,76668.01000000,76661.04000000,76667.99000000,5.69595000
2026-05-26 04:55:00,76667.99000000,76667.99000000,76664.00000000,76664.00000000,1.67065000
2026-05-26 04:56:00,76664.01000000,76664.01000000,76664.00000000,76664.01000000,1.45158000
2026-05-26 04:57:00,76664.01000000,76664.01000000,76664.00000000,76664.01000000,0.58819000
2026-05-26 04:58:00,76664.01000000,76664.01000000,76664.00000000,76664.01000000,1.39552000
2026-05-26 04:59:00,76664.01000000,76664.01000000,76664.00000000,76664.01000000,0.92463000
2026-05-26 05:00:00,76664.00000000,76678.01000000,76664.00000000,76678.01000000,10.23728000
2026-05-26 05:01:00,76678.01000000,76700.00000000,76660.00000000,76660.01000000,5.91539000
2026-05-26 05:02:00,76660.01000000,76660.01000000,76630.00000000,76630.01000000,3.66441000
2026-05-26 05:03:00,76630.01000000,76630.01000000,76630.00000000,76630.01000000,0.49599000
2026-05-26 05:04:00,76630.01000000,76665.53000000,76628.00000000,76656.00000000,92.98279000
2026-05-26 05:05:00,76656.01000000,76656.01000000,76635.26000000,76640.01000000,12.73048000
2026-05-26 05:06:00,76640.00000000,76646.75000000,76638.52000000,76638.52000000,3.80970000
2026-05-26 05:07:00,76638.53000000,76657.17000000,76638.52000000,76657.15000000,4.78736000
2026-05-26 05:08:00,76657.16000000,76657.16000000,76636.84000000,76636.84000000,5.13951000
2026-05-26 05:09:00,76636.84000000,76636.84000000,76627.99000000,76628.00000000,6.23898000
2026-05-26 05:10:00,76628.00000000,76628.00000000,76627.99000000,76628.00000000,2.62450000
2026-05-26 05:11:00,76628.00000000,76641.90000000,76627.95000000,76640.95000000,9.67021000
2026-05-26 05:12:00,76640.95000000,76640.95000000,76640.93000000,76640.93000000,0.77937000
2026-05-26 05:13:00,76640.94000000,76672.78000000,76634.00000000,76672.77000000,8.33122000
2026-05-26 05:14:00,76672.78000000,76672.78000000,76661.41000000,76661.42000000,4.71253000
2026-05-26 05:15:00,76661.42000000,76673.65000000,76661.42000000,76664.01000000,2.18655000
2026-05-26 05:16:00,76664.01000000,76664.01000000,76634.01000000,76634.02000000,2.93311000
2026-05-26 05:17:00,76634.02000000,76634.02000000,76634.01000000,76634.02000000,0.61578000
2026-05-26 05:18:00,76634.02000000,76634.02000000,76627.87000000,76627.88000000,2.91587000
2026-05-26 05:19:00,76627.88000000,76649.87000000,76627.88000000,76649.86000000,17.21023000
2026-05-26 05:20:00,76649.87000000,76649.87000000,76640.00000000,76640.01000000,5.57295000
2026-05-26 05:21:00,76640.00000000,76640.01000000,76638.28000000,76638.29000000,7.20144000
2026-05-26 05:22:00,76638.29000000,76638.29000000,76633.59000000,76633.60000000,9.29305000
2026-05-26 05:23:00,76633.60000000,76633.60000000,76606.79000000,76618.54000000,4.45561000
2026-05-26 05:24:00,76618.55000000,76690.24000000,76618.55000000,76682.01000000,8.91338000
2026-05-26 05:25:00,76682.00000000,76702.70000000,76682.00000000,76700.00000000,7.49763000
2026-05-26 05:26:00,76700.00000000,76700.00000000,76698.69000000,76698.70000000,9.16478000
2026-05-26 05:27:00,76698.69000000,76698.70000000,76691.89000000,76691.90000000,7.14297000
2026-05-26 05:28:00,76691.90000000,76707.60000000,76691.89000000,76707.59000000,2.74894000
2026-05-26 05:29:00,76707.60000000,76756.24000000,76707.60000000,76741.99000000,16.01796000
2026-05-26 05:30:00,76741.99000000,76770.27000000,76738.65000000,76770.27000000,7.54256000
2026-05-26 05:31:00,76770.27000000,76770.27000000,76756.00000000,76767.40000000,6.78660000
2026-05-26 05:32:00,76767.39000000,76769.34000000,76767.39000000,76768.81000000,8.49589000
2026-05-26 05:33:00,76768.82000000,76768.82000000,76766.89000000,76766.90000000,1.77260000
2026-05-26 05:34:00,76766.90000000,76768.01000000,76766.89000000,76768.00000000,1.03046000
2026-05-26 05:35:00,76768.00000000,76768.01000000,76767.65000000,76767.65000000,5.88774000
