Date,Open,High,Low,Close,Volume
2026-05-21 12:45:00,77256.82000000,77260.01000000,77249.08000000,77249.09000000,9.89426000
2026-05-21 12:46:00,77249.08000000,77257.51000000,77239.89000000,77245.44000000,5.59639000
2026-05-21 12:47:00,77245.44000000,77254.99000000,77242.39000000,77254.99000000,2.77106000
2026-05-21 12:48:00,77254.99000000,77256.01000000,77254.98000000,77256.01000000,2.63637000
2026-05-21 12:49:00,77256.01000000,77257.66000000,77249.88000000,77249.88000000,2.45317000
2026-05-21 12:50:00,77249.89000000,77249.89000000,77239.89000000,77239.89000000,3.66395000
2026-05-21 12:51:00,77239.90000000,77249.58000000,77239.89000000,77249.57000000,4.26295000
2026-05-21 12:52:00,77249.58000000,77249.58000000,77240.94000000,77240.95000000,3.11603000
2026-05-21 12:53:00,77240.95000000,77240.95000000,77240.94000000,77240.94000000,1.33606000
2026-05-21 12:54:00,77240.95000000,77240.95000000,77230.00000000,77230.00000000,2.94577000
2026-05-21 12:55:00,77230.00000000,77230.00000000,77190.73000000,77201.31000000,6.66431000
2026-05-21 12:56:00,77201.31000000,77211.18000000,77201.31000000,77211.17000000,10.19388000
2026-05-21 12:57:00,77211.18000000,77211.18000000,77196.83000000,77196.83000000,6.46592000
2026-05-21 12:58:00,77196.83000000,77211.18000000,77196.83000000,77207.11000000,7.89866000
2026-05-21 12:59:00,77207.12000000,77208.90000000,77182.00000000,77189.10000000,17.30229000
2026-05-21 13:00:00,77189.10000000,77249.17000000,77189.09000000,77229.25000000,10.16042000
2026-05-21 13:01:00,77229.25000000,77229.33000000,77168.17000000,77169.88000000,17.99518000
2026-05-21 13:02:00,77169.87000000,77230.57000000,77169.87000000,77230.01000000,3.01598000
2026-05-21 13:03:00,77230.01000000,77253.89000000,77223.70000000,77253.11000000,4.93512000
2026-05-21 13:04:00,77253.11000000,77278.37000000,77253.11000000,77278.37000000,11.06203000
2026-05-21 13:05:00,77278.37000000,77278.37000000,77234.69000000,77234.70000000,16.06133000
2026-05-21 13:06:00,77234.70000000,77234.70000000,77198.00000000,77198.01000000,3.85014000
2026-05-21 13:07:00,77198.01000000,77214.01000000,77196.85000000,77214.01000000,6.12876000
2026-05-21 13:08:00,77214.00000000,77214.01000000,77190.66000000,77200.32000000,2.90120000
2026-05-21 13:09:00,77200.32000000,77214.01000000,77200.31000000,77205.70000000,5.04279000
2026-05-21 13:10:00,77205.70000000,77205.70000000,77205.69000000,77205.70000000,2.51315000
2026-05-21 13:11:00,77205.70000000,77205.70000000,77205.69000000,77205.70000000,5.58832000
2026-05-21 13:12:00,77205.70000000,77205.70000000,77168.18000000,77178.01000000,4.82157000
2026-05-21 13:13:00,77178.00000000,77181.86000000,77168.18000000,77168.19000000,5.13999000
2026-05-21 13:14:00,77168.18000000,77194.00000000,77168.18000000,77194.00000000,4.64804000
2026-05-21 13:15:00,77194.00000000,77216.91000000,77193.99000000,77205.99000000,3.90308000
2026-05-21 13:16:00,77206.00000000,77220.45000000,77205.99000000,77208.00000000,3.19731000
2026-05-21 13:17:00,77208.00000000,77208.01000000,77192.95000000,77192.95000000,1.07293000
2026-05-21 13:18:00,77192.96000000,77192.96000000,77185.55000000,77188.71000000,3.26747000
2026-05-21 13:19:00,77188.72000000,77211.98000000,77188.71000000,77211.97000000,2.46880000
2026-05-21 13:20:00,77211.97000000,77212.01000000,77147.15000000,77147.15000000,3.60791000
2026-05-21 13:21:00,77147.16000000,77175.07000000,77111.22000000,77165.36000000,9.62761000
2026-05-21 13:22:00,77165.37000000,77165.37000000,77124.76000000,77131.78000000,5.43581000
2026-05-21 13:23:00,77131.79000000,77131.79000000,77122.54000000,77123.84000000,6.10441000
2026-05-21 13:24:00,77123.85000000,77135.25000000,77122.54000000,77130.65000000,1.47086000
2026-05-21 13:25:00,77131.30000000,77160.19000000,77131.30000000,77160.19000000,3.03559000
2026-05-21 13:26:00,77160.19000000,77169.32000000,77120.12000000,77120.13000000,3.42155000
2026-05-21 13:27:00,77120.14000000,77120.37000000,77100.00000000,77120.37000000,8.08373000
2026-05-21 13:28:00,77120.36000000,77120.37000000,77097.16000000,77099.55000000,5.34610000
2026-05-21 13:29:00,77099.56000000,77115.09000000,77099.55000000,77115.08000000,10.67112000
2026-05-21 13:30:00,77115.09000000,77119.47000000,77080.72000000,77119.47000000,10.00407000
2026-05-21 13:31:00,77119.46000000,77144.00000000,77104.67000000,77140.50000000,7.74268000
2026-05-21 13:32:00,77140.51000000,77158.01000000,77138.60000000,77138.61000000,4.62624000
2026-05-21 13:33:00,77138.61000000,77290.01000000,77116.77000000,77223.78000000,29.04910000
2026-05-21 13:34:00,77223.77000000,77277.40000000,77208.12000000,77277.40000000,8.52317000
2026-05-21 13:35:00,77277.40000000,77277.77000000,77243.99000000,77267.67000000,7.07173000
2026-05-21 13:36:00,77267.68000000,77304.00000000,77265.58000000,77278.26000000,10.63587000
2026-05-21 13:37:00,77278.01000000,77297.68000000,77222.97000000,77297.68000000,17.37348000
2026-05-21 13:38:00,77297.67000000,77323.13000000,77287.82000000,77323.13000000,3.56236000
2026-05-21 13:39:00,77323.13000000,77323.13000000,77288.00000000,77288.00000000,2.25054000
2026-05-21 13:40:00,77288.01000000,77300.42000000,77282.61000000,77282.61000000,1.83236000
2026-05-21 13:41:00,77282.62000000,77282.62000000,77234.00000000,77244.66000000,5.33151000
2026-05-21 13:42:00,77244.67000000,77256.27000000,77239.99000000,77239.99000000,16.00127000
2026-05-21 13:43:00,77239.99000000,77244.90000000,77223.70000000,77231.32000000,2.95232000
2026-05-21 13:44:00,77231.32000000,77243.74000000,77231.31000000,77243.74000000,1.73669000
2026-05-21 13:45:00,77243.73000000,77299.07000000,77243.73000000,77299.07000000,11.87919000
2026-05-21 13:46:00,77299.07000000,77300.41000000,77284.74000000,77284.75000000,4.42093000
2026-05-21 13:47:00,77284.75000000,77292.57000000,77284.74000000,77292.56000000,2.26117000
2026-05-21 13:48:00,77292.56000000,77320.68000000,77292.56000000,77320.68000000,5.56356000
2026-05-21 13:49:00,77320.68000000,77320.68000000,77298.50000000,77298.51000000,4.84854000
2026-05-21 13:50:00,77298.50000000,77298.51000000,77294.23000000,77294.24000000,1.10480000
2026-05-21 13:51:00,77294.23000000,77294.24000000,77279.92000000,77279.92000000,3.45806000
2026-05-21 13:52:00,77279.93000000,77283.01000000,77276.82000000,77276.82000000,1.35155000
2026-05-21 13:53:00,77276.82000000,77302.01000000,77276.82000000,77302.01000000,3.52776000
2026-05-21 13:54:00,77302.00000000,77333.90000000,77302.00000000,77330.00000000,8.84217000
2026-05-21 13:55:00,77330.00000000,77363.32000000,77329.99000000,77349.46000000,18.60250000
2026-05-21 13:56:00,77349.46000000,77349.46000000,77317.21000000,77320.99000000,6.10861000
2026-05-21 13:57:00,77320.99000000,77325.00000000,77294.00000000,77300.01000000,3.02872000
2026-05-21 13:58:00,77300.01000000,77300.02000000,77290.00000000,77290.00000000,1.35832000
2026-05-21 13:59:00,77290.01000000,77292.11000000,77278.52000000,77278.53000000,3.04550000
2026-05-21 14:00:00,77278.52000000,77321.60000000,77255.22000000,77307.73000000,7.19710000
2026-05-21 14:01:00,77307.74000000,77325.42000000,77307.74000000,77325.42000000,3.40815000
2026-05-21 14:02:00,77325.41000000,77347.76000000,77325.41000000,77347.75000000,6.17086000
2026-05-21 14:03:00,77347.76000000,77348.01000000,77317.52000000,77317.53000000,9.28496000
2026-05-21 14:04:00,77317.53000000,77335.92000000,77317.53000000,77335.43000000,9.73996000
2026-05-21 14:05:00,77335.44000000,77336.63000000,77327.74000000,77336.62000000,7.55122000
2026-05-21 14:06:00,77336.62000000,77336.63000000,77306.08000000,77329.57000000,8.39975000
2026-05-21 14:07:00,77329.57000000,77350.70000000,77329.57000000,77348.31000000,3.90926000
2026-05-21 14:08:00,77348.32000000,77358.05000000,77327.28000000,77345.49000000,6.69709000
2026-05-21 14:09:00,77345.49000000,77345.50000000,77338.93000000,77340.85000000,1.08302000
2026-05-21 14:10:00,77340.86000000,77340.86000000,77330.00000000,77336.01000000,9.80895000
2026-05-21 14:11:00,77336.01000000,77338.22000000,77307.70000000,77321.10000000,7.89088000
2026-05-21 14:12:00,77321.11000000,77325.77000000,77290.35000000,77295.42000000,2.95988000
2026-05-21 14:13:00,77295.43000000,77315.01000000,77292.50000000,77292.51000000,2.00878000
2026-05-21 14:14:00,77292.50000000,77292.51000000,77263.00000000,77263.00000000,3.79308000
2026-05-21 14:15:00,77263.00000000,77263.00000000,77202.14000000,77221.27000000,8.99426000
2026-05-21 14:16:00,77221.27000000,77258.00000000,77221.26000000,77258.00000000,5.51291000
2026-05-21 14:17:00,77258.00000000,77258.01000000,77232.64000000,77256.00000000,4.57132000
2026-05-21 14:18:00,77256.00000000,77256.00000000,77223.70000000,77240.24000000,5.30470000
2026-05-21 14:19:00,77240.24000000,77246.92000000,77229.87000000,77246.46000000,9.72091000
2026-05-21 14:20:00,77246.45000000,77257.06000000,77228.09000000,77257.05000000,2.40317000
2026-05-21 14:21:00,77257.05000000,77291.87000000,77244.57000000,77285.21000000,7.00646000
2026-05-21 14:22:00,77285.21000000,77308.58000000,77282.94000000,77308.57000000,6.13900000
2026-05-21 14:23:00,77308.57000000,77308.58000000,77286.66000000,77288.00000000,7.69728000
2026-05-21 14:24:00,77288.00000000,77288.00000000,77278.75000000,77286.14000000,3.22314000
2026-05-21 14:25:00,77286.14000000,77286.15000000,77234.45000000,77266.00000000,14.37157000
2026-05-21 14:26:00,77266.00000000,77270.64000000,77258.00000000,77258.00000000,2.14969000
2026-05-21 14:27:00,77258.01000000,77258.01000000,77246.00000000,77249.99000000,3.55647000
2026-05-21 14:28:00,77249.99000000,77259.08000000,77245.68000000,77252.31000000,8.83792000
2026-05-21 14:29:00,77252.32000000,77303.73000000,77252.31000000,77303.73000000,4.21223000
2026-05-21 14:30:00,77303.73000000,77315.40000000,77272.70000000,77289.74000000,16.56513000
2026-05-21 14:31:00,77289.74000000,77289.74000000,77141.71000000,77150.66000000,23.12874000
2026-05-21 14:32:00,77150.67000000,77208.60000000,77149.16000000,77175.00000000,20.58315000
2026-05-21 14:33:00,77174.99000000,77189.17000000,77100.01000000,77127.16000000,25.66364000
2026-05-21 14:34:00,77127.16000000,77223.70000000,77127.16000000,77223.70000000,14.00132000
2026-05-21 14:35:00,77223.71000000,77223.71000000,77170.04000000,77191.24000000,15.51824000
2026-05-21 14:36:00,77191.25000000,77195.55000000,77144.00000000,77149.02000000,15.47393000
2026-05-21 14:37:00,77149.02000000,77181.71000000,77100.00000000,77120.13000000,14.91467000
2026-05-21 14:38:00,77120.12000000,77136.85000000,76914.92000000,76932.44000000,88.83573000
2026-05-21 14:39:00,76932.43000000,76944.95000000,76848.00000000,76887.84000000,75.96987000
2026-05-21 14:40:00,76887.34000000,76943.28000000,76879.70000000,76896.22000000,14.94480000
2026-05-21 14:41:00,76896.22000000,76973.65000000,76887.41000000,76956.89000000,16.19172000
2026-05-21 14:42:00,76956.89000000,76956.89000000,76906.64000000,76935.53000000,9.49910000
2026-05-21 14:43:00,76935.53000000,76935.53000000,76815.38000000,76815.39000000,26.03214000
2026-05-21 14:44:00,76815.38000000,76815.39000000,76719.47000000,76756.60000000,51.35027000
2026-05-21 14:45:00,76756.60000000,76894.12000000,76746.48000000,76894.12000000,22.19439000
2026-05-21 14:46:00,76894.12000000,76971.93000000,76882.39000000,76891.21000000,19.05585000
2026-05-21 14:47:00,76891.21000000,76894.47000000,76842.08000000,76845.00000000,12.96730000
2026-05-21 14:48:00,76844.99000000,76880.00000000,76834.81000000,76849.82000000,20.39991000
2026-05-21 14:49:00,76849.83000000,76856.07000000,76778.97000000,76778.98000000,12.27580000
2026-05-21 14:50:00,76778.98000000,76906.00000000,76778.98000000,76905.99000000,11.15539000
2026-05-21 14:51:00,76906.00000000,76960.62000000,76846.85000000,76960.62000000,25.09295000
2026-05-21 14:52:00,76957.02000000,77026.01000000,76951.04000000,76966.73000000,33.23502000
2026-05-21 14:53:00,76966.73000000,77027.98000000,76964.50000000,76986.01000000,11.62876000
2026-05-21 14:54:00,76986.01000000,77107.14000000,76974.09000000,77078.18000000,21.18587000
2026-05-21 14:55:00,77078.18000000,77190.00000000,77078.18000000,77104.07000000,18.08638000
2026-05-21 14:56:00,77104.07000000,77158.16000000,77084.00000000,77126.66000000,15.53911000
2026-05-21 14:57:00,77126.67000000,77154.00000000,77088.00000000,77088.01000000,12.67161000
2026-05-21 14:58:00,77088.00000000,77088.00000000,77053.65000000,77080.01000000,8.98697000
2026-05-21 14:59:00,77080.01000000,77129.22000000,77080.00000000,77122.68000000,5.42324000
2026-05-21 15:00:00,77122.67000000,77164.76000000,77117.20000000,77142.71000000,7.95790000
2026-05-21 15:01:00,77142.72000000,77184.52000000,77133.57000000,77142.71000000,5.87492000
2026-05-21 15:02:00,77142.71000000,77222.77000000,77142.71000000,77206.27000000,8.79434000
2026-05-21 15:03:00,77206.27000000,77223.71000000,77196.00000000,77201.08000000,11.57478000
2026-05-21 15:04:00,77201.07000000,77240.82000000,77196.48000000,77200.31000000,8.27303000
2026-05-21 15:05:00,77200.32000000,77222.01000000,77152.14000000,77152.14000000,6.09703000
2026-05-21 15:06:00,77152.15000000,77156.91000000,77066.00000000,77083.88000000,6.16679000
2026-05-21 15:07:00,77083.87000000,77094.09000000,77048.25000000,77078.01000000,7.79562000
2026-05-21 15:08:00,77078.01000000,77114.00000000,77072.24000000,77102.70000000,6.69382000
2026-05-21 15:09:00,77102.71000000,77186.55000000,77102.71000000,77182.37000000,6.52753000
2026-05-21 15:10:00,77182.37000000,77206.01000000,77114.52000000,77114.53000000,19.32415000
2026-05-21 15:11:00,77114.53000000,77135.21000000,77093.32000000,77093.32000000,9.26821000
2026-05-21 15:12:00,77093.33000000,77152.75000000,77093.32000000,77136.01000000,4.36489000
2026-05-21 15:13:00,77136.00000000,77136.00000000,77046.00000000,77063.16000000,8.86261000
2026-05-21 15:14:00,77063.17000000,77133.33000000,77054.00000000,77086.00000000,41.94093000
2026-05-21 15:15:00,77086.01000000,77090.54000000,76980.75000000,76980.75000000,18.97018000
2026-05-21 15:16:00,76980.75000000,76989.72000000,76928.00000000,76973.14000000,15.19145000
2026-05-21 15:17:00,76973.15000000,77037.35000000,76973.15000000,76991.15000000,7.40500000
2026-05-21 15:18:00,76991.15000000,76998.01000000,76926.00000000,76948.00000000,12.35879000
2026-05-21 15:19:00,76948.01000000,76952.90000000,76912.96000000,76912.97000000,7.13537000
2026-05-21 15:20:00,76912.96000000,76912.96000000,76822.32000000,76822.32000000,22.87905000
2026-05-21 15:21:00,76822.32000000,76875.72000000,76788.80000000,76875.72000000,20.88912000
2026-05-21 15:22:00,76875.71000000,76928.01000000,76873.83000000,76921.94000000,20.91321000
2026-05-21 15:23:00,76921.93000000,76942.30000000,76903.70000000,76907.01000000,17.88283000
2026-05-21 15:24:00,76907.01000000,76964.46000000,76907.00000000,76936.93000000,15.82280000
2026-05-21 15:25:00,76936.92000000,76972.10000000,76931.47000000,76972.10000000,13.19985000
2026-05-21 15:26:00,76972.09000000,76978.64000000,76931.58000000,76938.80000000,13.80368000
2026-05-21 15:27:00,76938.80000000,77045.08000000,76938.79000000,77045.08000000,22.26365000
2026-05-21 15:28:00,77045.08000000,77053.96000000,77002.00000000,77025.52000000,17.75682000
2026-05-21 15:29:00,77025.51000000,77066.11000000,77025.51000000,77059.58000000,10.34033000
2026-05-21 15:30:00,77059.58000000,77170.46000000,77059.58000000,77114.01000000,19.83878000
2026-05-21 15:31:00,77114.00000000,77140.78000000,77096.75000000,77120.13000000,11.69516000
2026-05-21 15:32:00,77120.12000000,77144.37000000,77120.12000000,77129.95000000,11.52986000
2026-05-21 15:33:00,77129.94000000,77129.95000000,77088.00000000,77088.00000000,13.42815000
2026-05-21 15:34:00,77088.00000000,77100.07000000,77049.39000000,77100.07000000,17.09023000
2026-05-21 15:35:00,77100.07000000,77133.33000000,77092.34000000,77122.40000000,14.11251000
2026-05-21 15:36:00,77122.39000000,77157.12000000,77122.39000000,77145.67000000,10.11600000
2026-05-21 15:37:00,77145.67000000,77197.81000000,77145.66000000,77183.73000000,17.43371000
2026-05-21 15:38:00,77183.74000000,77183.75000000,77138.53000000,77145.74000000,4.74897000
2026-05-21 15:39:00,77145.75000000,77145.75000000,77108.00000000,77114.65000000,5.18125000
2026-05-21 15:40:00,77114.65000000,77120.01000000,76994.39000000,76994.39000000,14.36894000
2026-05-21 15:41:00,76994.39000000,77009.61000000,76970.00000000,77002.66000000,9.65850000
2026-05-21 15:42:00,77002.66000000,77009.60000000,76958.48000000,76998.53000000,5.91446000
2026-05-21 15:43:00,76998.53000000,77012.01000000,76980.53000000,76980.54000000,2.80121000
2026-05-21 15:44:00,76980.53000000,76986.01000000,76946.77000000,76986.01000000,6.98165000
2026-05-21 15:45:00,76986.01000000,77019.05000000,76972.00000000,76979.97000000,13.67557000
2026-05-21 15:46:00,76979.97000000,76994.55000000,76974.17000000,76974.18000000,12.64639000
2026-05-21 15:47:00,76974.18000000,76994.01000000,76942.01000000,76945.49000000,12.05931000
2026-05-21 15:48:00,76945.49000000,76955.87000000,76912.96000000,76912.97000000,12.15917000
2026-05-21 15:49:00,76912.97000000,76955.84000000,76894.17000000,76955.84000000,10.46686000
2026-05-21 15:50:00,76955.83000000,76955.84000000,76898.00000000,76927.19000000,13.82096000
2026-05-21 15:51:00,76927.19000000,76973.25000000,76888.00000000,76970.43000000,10.87362000
2026-05-21 15:52:00,76970.42000000,76976.01000000,76956.62000000,76975.99000000,13.41029000
2026-05-21 15:53:00,76976.00000000,77016.55000000,76961.65000000,76980.00000000,5.40090000
2026-05-21 15:54:00,76980.01000000,77013.97000000,76973.23000000,76988.42000000,2.68873000
2026-05-21 15:55:00,76988.01000000,76992.00000000,76968.16000000,76979.15000000,3.26878000
2026-05-21 15:56:00,76979.14000000,76992.00000000,76969.93000000,76980.67000000,4.19250000
2026-05-21 15:57:00,76980.67000000,76982.88000000,76964.40000000,76964.40000000,4.08178000
2026-05-21 15:58:00,76964.00000000,77027.83000000,76958.00000000,77027.82000000,8.07398000
2026-05-21 15:59:00,77027.82000000,77034.01000000,76984.60000000,76984.61000000,9.90497000
2026-05-21 16:00:00,76984.61000000,77008.01000000,76974.55000000,76976.01000000,9.09283000
2026-05-21 16:01:00,76976.00000000,76998.01000000,76976.00000000,76997.56000000,3.39417000
2026-05-21 16:02:00,76997.57000000,77054.01000000,76997.57000000,77052.52000000,4.43772000
2026-05-21 16:03:00,77052.52000000,77052.52000000,76983.85000000,76989.75000000,10.59145000
2026-05-21 16:04:00,76989.75000000,77054.01000000,76984.00000000,77054.00000000,7.22033000
2026-05-21 16:05:00,77054.00000000,77054.01000000,77015.76000000,77015.77000000,6.72067000
2026-05-21 16:06:00,77015.76000000,77030.88000000,76940.77000000,76940.78000000,11.10097000
2026-05-21 16:07:00,76940.77000000,76949.40000000,76910.00000000,76943.95000000,8.88221000
2026-05-21 16:08:00,76943.94000000,76943.94000000,76900.00000000,76900.01000000,6.89139000
2026-05-21 16:09:00,76900.01000000,76974.70000000,76900.00000000,76974.69000000,3.35074000
2026-05-21 16:10:00,76974.69000000,77016.55000000,76946.68000000,77008.84000000,28.54433000
2026-05-21 16:11:00,77008.84000000,77010.98000000,76978.30000000,77010.98000000,7.27648000
2026-05-21 16:12:00,77010.97000000,77042.01000000,77006.29000000,77042.01000000,6.15480000
2026-05-21 16:13:00,77042.01000000,77220.00000000,77027.37000000,77219.99000000,21.03995000
2026-05-21 16:14:00,77219.99000000,77230.01000000,77148.00000000,77152.94000000,12.35842000
2026-05-21 16:15:00,77152.93000000,77184.01000000,77120.13000000,77163.56000000,14.51986000
2026-05-21 16:16:00,77163.56000000,77179.58000000,77150.88000000,77179.58000000,5.50638000
2026-05-21 16:17:00,77179.57000000,77245.60000000,77179.57000000,77207.98000000,10.14637000
2026-05-21 16:18:00,77207.98000000,77211.11000000,77156.11000000,77182.70000000,6.91290000
2026-05-21 16:19:00,77182.70000000,77230.01000000,77182.70000000,77215.98000000,3.65269000
2026-05-21 16:20:00,77215.98000000,77235.59000000,77206.00000000,77235.58000000,3.53822000
2026-05-21 16:21:00,77235.59000000,77276.02000000,77235.58000000,77250.19000000,4.67702000
2026-05-21 16:22:00,77250.19000000,77300.00000000,77250.19000000,77300.00000000,5.81857000
2026-05-21 16:23:00,77300.00000000,77319.82000000,77284.79000000,77284.80000000,11.81028000
2026-05-21 16:24:00,77284.80000000,77284.80000000,77246.27000000,77246.27000000,10.03584000
2026-05-21 16:25:00,77246.27000000,77246.27000000,77232.00000000,77246.25000000,5.52204000
2026-05-21 16:26:00,77246.26000000,77250.01000000,77230.00000000,77232.01000000,2.59947000
2026-05-21 16:27:00,77232.01000000,77258.55000000,77232.00000000,77248.00000000,1.30716000
2026-05-21 16:28:00,77248.00000000,77268.30000000,77244.25000000,77268.30000000,2.41764000
2026-05-21 16:29:00,77268.30000000,77309.24000000,77268.30000000,77272.00000000,6.25516000
2026-05-21 16:30:00,77271.99000000,77287.09000000,77271.63000000,77272.01000000,6.42534000
2026-05-21 16:31:00,77272.01000000,77272.01000000,77223.70000000,77225.13000000,10.91187000
2026-05-21 16:32:00,77225.13000000,77253.04000000,77223.70000000,77231.90000000,9.62052000
2026-05-21 16:33:00,77231.90000000,77239.36000000,77216.38000000,77230.79000000,5.80117000
2026-05-21 16:34:00,77230.79000000,77236.01000000,77083.61000000,77110.69000000,11.33209000
2026-05-21 16:35:00,77110.69000000,77162.87000000,77110.69000000,77155.15000000,4.32224000
2026-05-21 16:36:00,77155.14000000,77155.15000000,77069.77000000,77069.77000000,9.99044000
2026-05-21 16:37:00,77069.78000000,77129.87000000,77069.77000000,77129.87000000,2.69440000
2026-05-21 16:38:00,77129.87000000,77136.08000000,77120.12000000,77128.36000000,10.19403000
2026-05-21 16:39:00,77128.36000000,77171.25000000,77128.35000000,77171.25000000,5.98964000
2026-05-21 16:40:00,77171.25000000,77221.06000000,77171.24000000,77221.06000000,2.32291000
2026-05-21 16:41:00,77221.06000000,77245.44000000,77216.24000000,77234.74000000,9.76467000
2026-05-21 16:42:00,77234.74000000,77234.74000000,77219.27000000,77219.28000000,4.87638000
2026-05-21 16:43:00,77219.28000000,77227.47000000,77219.27000000,77227.47000000,1.03838000
2026-05-21 16:44:00,77227.46000000,77227.47000000,77218.96000000,77218.96000000,6.68983000
2026-05-21 16:45:00,77218.97000000,77270.90000000,77218.97000000,77270.90000000,2.16141000
2026-05-21 16:46:00,77270.89000000,77306.01000000,77266.91000000,77306.01000000,3.95908000
2026-05-21 16:47:00,77306.01000000,77341.16000000,77286.04000000,77341.16000000,8.40343000
2026-05-21 16:48:00,77341.15000000,77402.12000000,77341.15000000,77356.00000000,13.18233000
2026-05-21 16:49:00,77356.00000000,77357.88000000,77339.75000000,77351.69000000,2.77014000
2026-05-21 16:50:00,77351.68000000,77354.01000000,77306.42000000,77306.42000000,4.14836000
2026-05-21 16:51:00,77306.42000000,77322.60000000,77300.72000000,77308.48000000,2.49080000
2026-05-21 16:52:00,77308.47000000,77308.48000000,77267.54000000,77267.54000000,3.55578000
2026-05-21 16:53:00,77267.54000000,77267.54000000,77212.00000000,77212.00000000,3.66686000
2026-05-21 16:54:00,77212.00000000,77212.01000000,77168.00000000,77168.01000000,4.50756000
2026-05-21 16:55:00,77168.00000000,77214.69000000,77168.00000000,77214.69000000,12.09062000
2026-05-21 16:56:00,77214.69000000,77255.56000000,77212.87000000,77255.55000000,1.43331000
2026-05-21 16:57:00,77255.56000000,77267.33000000,77255.55000000,77261.47000000,1.57773000
2026-05-21 16:58:00,77261.46000000,77268.85000000,77246.00000000,77268.84000000,2.29471000
2026-05-21 16:59:00,77268.85000000,77268.85000000,77259.45000000,77259.46000000,1.11240000
2026-05-21 17:00:00,77259.45000000,77313.81000000,77259.45000000,77313.81000000,2.59750000
2026-05-21 17:01:00,77313.81000000,77336.67000000,77292.05000000,77292.06000000,6.59700000
2026-05-21 17:02:00,77292.06000000,77292.06000000,77261.76000000,77261.76000000,1.30396000
2026-05-21 17:03:00,77261.77000000,77261.77000000,77230.00000000,77249.55000000,9.20698000
2026-05-21 17:04:00,77249.56000000,77262.90000000,77249.55000000,77262.89000000,2.97417000
2026-05-21 17:05:00,77262.90000000,77305.34000000,77262.89000000,77294.00000000,3.34295000
2026-05-21 17:06:00,77294.00000000,77319.01000000,77284.00000000,77319.00000000,4.51475000
2026-05-21 17:07:00,77319.00000000,77319.01000000,77300.42000000,77307.62000000,2.11134000
2026-05-21 17:08:00,77307.62000000,77320.91000000,77300.44000000,77320.91000000,3.45380000
2026-05-21 17:09:00,77320.91000000,77330.44000000,77320.90000000,77327.29000000,1.26027000
2026-05-21 17:10:00,77327.28000000,77344.01000000,77296.00000000,77331.65000000,15.19304000
2026-05-21 17:11:00,77331.64000000,77331.65000000,77258.00000000,77279.99000000,6.58319000
2026-05-21 17:12:00,77280.00000000,77298.08000000,77270.65000000,77270.66000000,3.42818000
2026-05-21 17:13:00,77270.66000000,77270.66000000,77226.09000000,77261.96000000,21.15062000
2026-05-21 17:14:00,77261.97000000,77275.90000000,77260.56000000,77275.90000000,0.82102000
2026-05-21 17:15:00,77275.89000000,77287.93000000,77230.65000000,77230.66000000,2.68718000
2026-05-21 17:16:00,77230.66000000,77245.42000000,77230.65000000,77245.41000000,4.83421000
2026-05-21 17:17:00,77245.41000000,77252.38000000,77214.05000000,77229.61000000,6.38504000
2026-05-21 17:18:00,77229.61000000,77229.61000000,77183.70000000,77183.70000000,4.27971000
2026-05-21 17:19:00,77183.70000000,77183.71000000,77129.89000000,77167.99000000,12.35510000
2026-05-21 17:20:00,77168.00000000,77199.25000000,77164.33000000,77183.16000000,4.82314000
2026-05-21 17:21:00,77183.16000000,77183.17000000,77182.00000000,77182.01000000,0.72678000
2026-05-21 17:22:00,77182.00000000,77185.91000000,77143.99000000,77143.99000000,1.83112000
2026-05-21 17:23:00,77143.98000000,77143.98000000,77122.99000000,77143.46000000,12.93122000
2026-05-21 17:24:00,77143.46000000,77157.15000000,77140.78000000,77155.32000000,2.20942000
2026-05-21 17:25:00,77155.31000000,77163.83000000,77112.52000000,77130.06000000,3.42235000
2026-05-21 17:26:00,77130.07000000,77175.83000000,77130.06000000,77168.32000000,3.61323000
2026-05-21 17:27:00,77168.31000000,77185.37000000,77166.72000000,77185.36000000,4.49112000
2026-05-21 17:28:00,77185.37000000,77185.37000000,77171.57000000,77183.64000000,2.07885000
2026-05-21 17:29:00,77183.63000000,77200.01000000,77182.00000000,77182.01000000,3.52773000
2026-05-21 17:30:00,77182.00000000,77222.88000000,77182.00000000,77218.57000000,1.67915000
2026-05-21 17:31:00,77218.57000000,77225.09000000,77215.04000000,77215.05000000,1.98097000
2026-05-21 17:32:00,77215.05000000,77238.52000000,77215.04000000,77238.00000000,1.92501000
2026-05-21 17:33:00,77238.00000000,77287.48000000,77238.00000000,77287.47000000,4.62801000
2026-05-21 17:34:00,77287.47000000,77287.48000000,77250.94000000,77250.94000000,2.53739000
2026-05-21 17:35:00,77250.94000000,77250.95000000,77200.00000000,77211.95000000,6.23390000
2026-05-21 17:36:00,77211.95000000,77211.95000000,77075.79000000,77080.08000000,41.70291000
2026-05-21 17:37:00,77080.08000000,77125.91000000,77080.08000000,77125.16000000,7.02869000
2026-05-21 17:38:00,77125.16000000,77125.91000000,77085.56000000,77089.84000000,4.61384000
2026-05-21 17:39:00,77089.84000000,77107.93000000,77089.84000000,77107.93000000,3.21698000
2026-05-21 17:40:00,77107.93000000,77107.93000000,77080.00000000,77086.18000000,1.87769000
2026-05-21 17:41:00,77086.17000000,77086.17000000,77069.77000000,77081.98000000,1.46375000
2026-05-21 17:42:00,77081.98000000,77091.32000000,77081.97000000,77091.32000000,1.13754000
2026-05-21 17:43:00,77091.32000000,77101.38000000,77036.75000000,77036.76000000,6.58920000
2026-05-21 17:44:00,77036.75000000,77059.58000000,77034.20000000,77059.57000000,2.46042000
2026-05-21 17:45:00,77059.58000000,77085.48000000,77059.58000000,77085.48000000,1.94324000
2026-05-21 17:46:00,77085.48000000,77095.06000000,77065.09000000,77065.09000000,6.64786000
2026-05-21 17:47:00,77065.10000000,77065.10000000,77036.00000000,77036.01000000,6.41413000
2026-05-21 17:48:00,77036.01000000,77055.24000000,77036.00000000,77051.79000000,1.39381000
2026-05-21 17:49:00,77051.79000000,77063.23000000,77050.96000000,77058.20000000,2.71402000
2026-05-21 17:50:00,77058.20000000,77058.20000000,77008.75000000,77016.55000000,4.90719000
2026-05-21 17:51:00,77016.55000000,77060.48000000,77016.54000000,77060.48000000,3.30511000
2026-05-21 17:52:00,77060.48000000,77104.16000000,77060.48000000,77098.21000000,3.10911000
2026-05-21 17:53:00,77098.20000000,77111.75000000,77090.48000000,77102.32000000,2.20277000
2026-05-21 17:54:00,77102.31000000,77120.13000000,77090.46000000,77117.78000000,19.95669000
2026-05-21 17:55:00,77117.78000000,77141.04000000,77111.75000000,77141.04000000,20.38553000
2026-05-21 17:56:00,77141.03000000,77164.69000000,77132.45000000,77164.69000000,19.91486000
2026-05-21 17:57:00,77164.69000000,77168.10000000,77147.36000000,77156.92000000,26.15590000
2026-05-21 17:58:00,77156.92000000,77188.42000000,77156.91000000,77188.42000000,19.35304000
2026-05-21 17:59:00,77188.42000000,77207.93000000,77188.41000000,77207.93000000,22.12191000
2026-05-21 18:00:00,77207.92000000,77296.70000000,77207.92000000,77292.02000000,26.87001000
2026-05-21 18:01:00,77292.01000000,77309.17000000,77281.18000000,77303.98000000,61.86824000
2026-05-21 18:02:00,77303.99000000,77310.68000000,77273.79000000,77284.90000000,23.90276000
2026-05-21 18:03:00,77284.91000000,77284.91000000,77237.95000000,77245.60000000,26.16901000
2026-05-21 18:04:00,77245.60000000,77245.60000000,77224.87000000,77240.23000000,24.21012000
2026-05-21 18:05:00,77240.22000000,77245.54000000,77224.87000000,77229.03000000,27.93325000
2026-05-21 18:06:00,77229.02000000,77233.97000000,77204.03000000,77218.01000000,26.48830000
2026-05-21 18:07:00,77218.01000000,77220.63000000,77200.00000000,77220.26000000,22.08013000
2026-05-21 18:08:00,77220.26000000,77221.26000000,77181.83000000,77193.07000000,8.53774000
2026-05-21 18:09:00,77193.07000000,77215.46000000,77193.07000000,77215.45000000,8.75222000
2026-05-21 18:10:00,77215.46000000,77550.00000000,77215.45000000,77515.56000000,92.07879000
2026-05-21 18:11:00,77515.57000000,77570.83000000,77498.00000000,77498.01000000,63.63808000
2026-05-21 18:12:00,77498.00000000,77520.38000000,77403.56000000,77456.11000000,24.98863000
2026-05-21 18:13:00,77456.10000000,77462.01000000,77433.16000000,77442.28000000,20.50449000
2026-05-21 18:14:00,77442.28000000,77510.01000000,77442.27000000,77510.01000000,10.30800000
2026-05-21 18:15:00,77510.01000000,77709.98000000,77498.85000000,77709.98000000,44.46697000
2026-05-21 18:16:00,77709.97000000,77858.44000000,77674.00000000,77842.21000000,63.01240000
2026-05-21 18:17:00,77842.21000000,77870.54000000,77746.00000000,77746.01000000,34.82922000
2026-05-21 18:18:00,77746.01000000,77760.89000000,77716.04000000,77760.89000000,18.03521000
2026-05-21 18:19:00,77760.90000000,77785.40000000,77741.59000000,77763.50000000,15.17466000
2026-05-21 18:20:00,77763.50000000,77900.00000000,77763.50000000,77900.00000000,11.67621000
2026-05-21 18:21:00,77900.00000000,77920.29000000,77878.59000000,77920.29000000,13.39909000
2026-05-21 18:22:00,77920.29000000,77999.99000000,77832.27000000,77838.01000000,41.30580000
2026-05-21 18:23:00,77838.01000000,77889.23000000,77716.53000000,77774.88000000,19.56200000
2026-05-21 18:24:00,77774.89000000,77912.50000000,77774.88000000,77870.03000000,31.91900000
2026-05-21 18:25:00,77870.04000000,77943.43000000,77870.04000000,77918.77000000,14.21753000
2026-05-21 18:26:00,77918.77000000,77952.12000000,77901.16000000,77901.16000000,15.17589000
2026-05-21 18:27:00,77901.17000000,77965.00000000,77885.12000000,77921.17000000,91.68395000
2026-05-21 18:28:00,77921.17000000,78000.00000000,77920.37000000,77989.51000000,36.31668000
2026-05-21 18:29:00,77989.51000000,78000.00000000,77972.00000000,77980.54000000,7.13045000
2026-05-21 18:30:00,77980.54000000,78000.00000000,77956.32000000,77972.00000000,12.78549000
2026-05-21 18:31:00,77972.00000000,78033.87000000,77961.46000000,78030.59000000,27.70446000
2026-05-21 18:32:00,78030.58000000,78047.46000000,77985.28000000,77991.46000000,8.00119000
2026-05-21 18:33:00,77991.47000000,77995.56000000,77872.77000000,77873.63000000,15.99620000
2026-05-21 18:34:00,77873.63000000,77929.13000000,77865.10000000,77929.12000000,15.97908000
2026-05-21 18:35:00,77929.12000000,77990.01000000,77929.11000000,77975.44000000,8.47511000
2026-05-21 18:36:00,77975.44000000,77984.01000000,77952.29000000,77960.01000000,34.65131000
2026-05-21 18:37:00,77960.02000000,78015.82000000,77960.01000000,77984.47000000,11.11655000
2026-05-21 18:38:00,77984.48000000,78001.63000000,77974.05000000,77982.31000000,2.92229000
2026-05-21 18:39:00,77982.31000000,77990.01000000,77936.92000000,77936.92000000,10.76800000
2026-05-21 18:40:00,77936.93000000,77961.59000000,77936.92000000,77948.76000000,4.37578000
2026-05-21 18:41:00,77948.75000000,77972.33000000,77948.75000000,77968.11000000,2.29488000
2026-05-21 18:42:00,77968.11000000,77972.33000000,77901.03000000,77909.82000000,20.10471000
2026-05-21 18:43:00,77909.82000000,77914.53000000,77862.51000000,77862.52000000,10.57346000
2026-05-21 18:44:00,77862.52000000,77898.95000000,77862.51000000,77898.95000000,7.25890000
2026-05-21 18:45:00,77898.95000000,77924.01000000,77821.16000000,77839.34000000,22.47523000
2026-05-21 18:46:00,77839.33000000,77852.94000000,77806.20000000,77825.77000000,15.41076000
2026-05-21 18:47:00,77825.76000000,77842.33000000,77790.38000000,77798.24000000,15.23717000
2026-05-21 18:48:00,77798.25000000,77821.74000000,77798.24000000,77821.74000000,2.87998000
2026-05-21 18:49:00,77821.73000000,77904.79000000,77821.73000000,77904.79000000,7.63426000
2026-05-21 18:50:00,77904.79000000,77919.09000000,77871.53000000,77892.00000000,7.58778000
2026-05-21 18:51:00,77891.99000000,78000.32000000,77891.99000000,78000.31000000,13.37902000
2026-05-21 18:52:00,78000.31000000,78031.65000000,78000.31000000,78024.57000000,14.49146000
2026-05-21 18:53:00,78024.58000000,78028.37000000,77970.00000000,77970.00000000,2.25013000
2026-05-21 18:54:00,77970.00000000,78020.11000000,77970.00000000,78010.03000000,5.36829000
2026-05-21 18:55:00,78010.04000000,78098.16000000,78010.04000000,78052.33000000,24.38093000
2026-05-21 18:56:00,78052.32000000,78052.32000000,78000.00000000,78000.10000000,16.02316000
2026-05-21 18:57:00,78000.09000000,78013.09000000,77993.65000000,77993.65000000,2.18163000
2026-05-21 18:58:00,77993.65000000,77993.65000000,77916.65000000,77916.65000000,12.99806000
2026-05-21 18:59:00,77916.65000000,77938.19000000,77869.38000000,77869.38000000,10.42284000
2026-05-21 19:00:00,77869.38000000,77922.01000000,77868.00000000,77897.36000000,5.15147000
2026-05-21 19:01:00,77897.37000000,77897.37000000,77782.86000000,77793.44000000,23.13906000
2026-05-21 19:02:00,77793.43000000,77800.00000000,77764.24000000,77764.25000000,6.82075000
2026-05-21 19:03:00,77764.25000000,77807.77000000,77764.24000000,77788.67000000,6.26115000
2026-05-21 19:04:00,77788.67000000,77788.67000000,77704.00000000,77704.72000000,11.29778000
2026-05-21 19:05:00,77704.72000000,77704.72000000,77630.00000000,77672.00000000,27.00271000
2026-05-21 19:06:00,77672.01000000,77723.76000000,77672.01000000,77704.02000000,3.66955000
2026-05-21 19:07:00,77704.02000000,77706.01000000,77668.00000000,77706.01000000,3.83960000
2026-05-21 19:08:00,77706.02000000,77767.78000000,77702.00000000,77766.83000000,10.53277000
2026-05-21 19:09:00,77766.84000000,77781.06000000,77747.42000000,77747.42000000,7.18677000
2026-05-21 19:10:00,77747.43000000,77747.43000000,77710.62000000,77710.62000000,5.60655000
2026-05-21 19:11:00,77710.62000000,77733.33000000,77664.75000000,77710.24000000,25.37116000
2026-05-21 19:12:00,77710.25000000,77743.07000000,77694.68000000,77741.60000000,2.98129000
2026-05-21 19:13:00,77741.60000000,77741.60000000,77712.57000000,77728.26000000,2.53577000
2026-05-21 19:14:00,77728.26000000,77728.27000000,77697.16000000,77697.17000000,2.11250000
2026-05-21 19:15:00,77697.17000000,77713.25000000,77664.00000000,77664.01000000,1.45275000
2026-05-21 19:16:00,77664.00000000,77664.01000000,77641.33000000,77641.34000000,2.63071000
2026-05-21 19:17:00,77641.33000000,77699.04000000,77638.01000000,77699.04000000,2.58855000
2026-05-21 19:18:00,77699.05000000,77835.08000000,77699.04000000,77800.01000000,13.28030000
2026-05-21 19:19:00,77800.00000000,77822.01000000,77800.00000000,77822.00000000,2.84185000
2026-05-21 19:20:00,77822.00000000,77822.01000000,77800.56000000,77800.56000000,2.66947000
2026-05-21 19:21:00,77800.56000000,77817.10000000,77800.00000000,77809.84000000,4.27596000
2026-05-21 19:22:00,77809.84000000,77815.00000000,77802.26000000,77804.13000000,3.45401000
2026-05-21 19:23:00,77804.13000000,77827.28000000,77780.60000000,77827.27000000,3.50910000
2026-05-21 19:24:00,77827.28000000,77897.36000000,77827.27000000,77881.81000000,7.46526000
2026-05-21 19:25:00,77881.80000000,77881.81000000,77848.32000000,77848.33000000,10.74448000
2026-05-21 19:26:00,77848.32000000,77848.33000000,77820.00000000,77820.00000000,2.95201000
2026-05-21 19:27:00,77820.00000000,77820.00000000,77776.27000000,77776.27000000,5.17933000
2026-05-21 19:28:00,77776.28000000,77824.62000000,77776.28000000,77805.49000000,5.44498000
2026-05-21 19:29:00,77805.49000000,77805.49000000,77741.59000000,77741.59000000,14.21335000
2026-05-21 19:30:00,77741.60000000,77775.22000000,77724.00000000,77747.60000000,5.96398000
2026-05-21 19:31:00,77747.61000000,77775.09000000,77747.60000000,77775.09000000,0.58487000
2026-05-21 19:32:00,77775.09000000,77775.09000000,77750.78000000,77750.78000000,6.23645000
2026-05-21 19:33:00,77750.79000000,77780.58000000,77750.78000000,77780.57000000,3.16027000
2026-05-21 19:34:00,77780.58000000,77810.80000000,77780.58000000,77796.13000000,3.92733000
2026-05-21 19:35:00,77796.13000000,77796.14000000,77760.67000000,77760.67000000,5.54726000
2026-05-21 19:36:00,77760.67000000,77769.06000000,77731.02000000,77731.02000000,8.03505000
2026-05-21 19:37:00,77731.02000000,77757.29000000,77728.00000000,77757.29000000,3.37984000
2026-05-21 19:38:00,77757.29000000,77757.29000000,77738.00000000,77738.01000000,5.03912000
2026-05-21 19:39:00,77738.01000000,77754.56000000,77724.74000000,77724.75000000,4.85781000
2026-05-21 19:40:00,77724.75000000,77803.93000000,77724.74000000,77803.93000000,3.84016000
2026-05-21 19:41:00,77803.92000000,77804.00000000,77785.07000000,77785.08000000,3.50107000
2026-05-21 19:42:00,77785.08000000,77785.08000000,77748.01000000,77761.68000000,4.81987000
2026-05-21 19:43:00,77761.67000000,77772.75000000,77761.67000000,77772.75000000,1.90674000
2026-05-21 19:44:00,77772.75000000,77772.75000000,77757.69000000,77757.69000000,2.17737000
2026-05-21 19:45:00,77757.69000000,77757.70000000,77695.44000000,77704.01000000,12.86079000
2026-05-21 19:46:00,77704.01000000,77704.01000000,77669.73000000,77669.74000000,6.06155000
2026-05-21 19:47:00,77669.73000000,77688.01000000,77669.73000000,77688.00000000,2.68844000
2026-05-21 19:48:00,77688.01000000,77688.01000000,77528.72000000,77534.43000000,25.21440000
2026-05-21 19:49:00,77534.43000000,77564.67000000,77504.42000000,77530.79000000,7.34519000
2026-05-21 19:50:00,77530.79000000,77537.06000000,77516.00000000,77525.58000000,9.10097000
2026-05-21 19:51:00,77525.57000000,77586.32000000,77504.94000000,77580.27000000,7.17827000
2026-05-21 19:52:00,77580.27000000,77591.35000000,77337.61000000,77374.10000000,56.97225000
2026-05-21 19:53:00,77374.10000000,77428.01000000,77361.66000000,77401.65000000,4.11081000
2026-05-21 19:54:00,77401.66000000,77430.85000000,77299.58000000,77299.58000000,14.00890000
2026-05-21 19:55:00,77299.59000000,77306.01000000,77230.00000000,77276.91000000,102.02255000
2026-05-21 19:56:00,77276.92000000,77344.01000000,77276.91000000,77314.01000000,5.61819000
2026-05-21 19:57:00,77314.01000000,77350.00000000,77314.00000000,77340.01000000,4.32269000
2026-05-21 19:58:00,77340.01000000,77369.50000000,77319.64000000,77369.49000000,8.06515000
2026-05-21 19:59:00,77369.50000000,77387.74000000,77341.46000000,77387.74000000,5.15721000
2026-05-21 20:00:00,77387.74000000,77395.96000000,77365.97000000,77395.95000000,5.22113000
2026-05-21 20:01:00,77395.96000000,77445.46000000,77383.20000000,77445.46000000,5.77215000
2026-05-21 20:02:00,77445.45000000,77487.56000000,77416.09000000,77418.59000000,15.54925000
2026-05-21 20:03:00,77418.60000000,77461.22000000,77417.28000000,77455.84000000,5.73478000
2026-05-21 20:04:00,77455.83000000,77457.65000000,77378.86000000,77378.87000000,32.45932000
2026-05-21 20:05:00,77378.86000000,77448.01000000,77378.86000000,77448.00000000,4.68032000
2026-05-21 20:06:00,77448.01000000,77460.01000000,77400.00000000,77408.01000000,8.55940000
2026-05-21 20:07:00,77408.01000000,77444.01000000,77400.00000000,77444.01000000,4.16157000
2026-05-21 20:08:00,77444.01000000,77534.44000000,77444.00000000,77520.67000000,8.04525000
2026-05-21 20:09:00,77520.67000000,77543.37000000,77517.98000000,77543.37000000,4.04950000
2026-05-21 20:10:00,77543.38000000,77572.01000000,77543.38000000,77550.05000000,10.02212000
2026-05-21 20:11:00,77550.05000000,77572.01000000,77543.14000000,77558.82000000,3.61590000
2026-05-21 20:12:00,77558.83000000,77560.40000000,77550.00000000,77560.22000000,1.34132000
2026-05-21 20:13:00,77560.21000000,77593.86000000,77560.21000000,77570.05000000,5.60744000
2026-05-21 20:14:00,77570.06000000,77570.06000000,77527.64000000,77540.01000000,8.91588000
2026-05-21 20:15:00,77540.01000000,77546.01000000,77530.33000000,77533.82000000,1.66606000
2026-05-21 20:16:00,77533.83000000,77552.35000000,77526.01000000,77536.39000000,7.76982000
2026-05-21 20:17:00,77536.39000000,77565.56000000,77519.69000000,77565.52000000,28.83806000
2026-05-21 20:18:00,77565.52000000,77593.40000000,77565.51000000,77581.89000000,19.61873000
2026-05-21 20:19:00,77581.89000000,77605.67000000,77569.78000000,77605.67000000,18.89443000
2026-05-21 20:20:00,77605.66000000,77615.73000000,77580.20000000,77590.01000000,22.66717000
2026-05-21 20:21:00,77590.01000000,77599.04000000,77581.10000000,77588.87000000,22.33157000
2026-05-21 20:22:00,77588.87000000,77589.79000000,77562.65000000,77577.93000000,10.24615000
2026-05-21 20:23:00,77577.94000000,77590.99000000,77573.26000000,77573.27000000,1.69760000
2026-05-21 20:24:00,77573.27000000,77589.66000000,77564.54000000,77564.55000000,2.00724000
2026-05-21 20:25:00,77564.54000000,77570.91000000,77562.59000000,77569.86000000,3.09899000
2026-05-21 20:26:00,77569.86000000,77572.39000000,77549.06000000,77572.39000000,2.32609000
2026-05-21 20:27:00,77572.39000000,77582.52000000,77572.38000000,77582.52000000,1.00975000
2026-05-21 20:28:00,77582.51000000,77582.51000000,77570.59000000,77575.18000000,1.58835000
2026-05-21 20:29:00,77575.17000000,77575.17000000,77524.31000000,77541.21000000,10.47312000
2026-05-21 20:30:00,77541.21000000,77569.83000000,77541.21000000,77566.35000000,2.92327000
2026-05-21 20:31:00,77566.36000000,77570.00000000,77561.85000000,77567.50000000,2.44971000
2026-05-21 20:32:00,77567.50000000,77567.51000000,77564.14000000,77564.15000000,1.15451000
2026-05-21 20:33:00,77564.15000000,77589.87000000,77564.14000000,77582.56000000,6.52780000
2026-05-21 20:34:00,77582.57000000,77590.01000000,77571.63000000,77590.01000000,2.69011000
2026-05-21 20:35:00,77590.01000000,77638.02000000,77590.01000000,77638.02000000,3.34624000
2026-05-21 20:36:00,77638.02000000,77645.14000000,77638.01000000,77638.02000000,4.72557000
2026-05-21 20:37:00,77638.01000000,77645.14000000,77638.01000000,77638.02000000,0.99434000
2026-05-21 20:38:00,77638.02000000,77645.14000000,77638.01000000,77645.11000000,0.82507000
2026-05-21 20:39:00,77645.10000000,77645.11000000,77627.53000000,77641.89000000,2.52554000
2026-05-21 20:40:00,77641.89000000,77641.90000000,77641.77000000,77641.77000000,1.14302000
2026-05-21 20:41:00,77641.78000000,77641.78000000,77630.00000000,77630.01000000,2.55948000
2026-05-21 20:42:00,77630.01000000,77630.01000000,77608.00000000,77620.50000000,2.43307000
2026-05-21 20:43:00,77620.50000000,77621.84000000,77608.00000000,77621.83000000,2.63714000
2026-05-21 20:44:00,77621.84000000,77628.01000000,77621.83000000,77628.01000000,1.45349000
2026-05-21 20:45:00,77628.00000000,77628.01000000,77622.08000000,77622.08000000,3.02436000
2026-05-21 20:46:00,77622.09000000,77628.01000000,77619.62000000,77619.63000000,2.55121000
2026-05-21 20:47:00,77619.63000000,77621.84000000,77617.25000000,77621.83000000,1.99033000
2026-05-21 20:48:00,77621.83000000,77662.14000000,77621.83000000,77662.14000000,1.38491000
2026-05-21 20:49:00,77662.14000000,77662.14000000,77643.58000000,77643.58000000,2.01430000
2026-05-21 20:50:00,77643.59000000,77681.27000000,77643.59000000,77680.91000000,8.55386000
2026-05-21 20:51:00,77680.91000000,77739.88000000,77680.90000000,77720.03000000,14.23665000
2026-05-21 20:52:00,77720.03000000,77762.63000000,77716.00000000,77762.63000000,6.99027000
2026-05-21 20:53:00,77762.63000000,77802.51000000,77758.38000000,77758.39000000,11.18361000
2026-05-21 20:54:00,77758.39000000,77758.39000000,77702.67000000,77702.67000000,11.39424000
2026-05-21 20:55:00,77702.67000000,77702.67000000,77671.23000000,77693.05000000,10.80335000
2026-05-21 20:56:00,77693.06000000,77798.90000000,77693.06000000,77741.60000000,29.88610000
2026-05-21 20:57:00,77741.60000000,77758.03000000,77741.59000000,77741.59000000,2.09653000
2026-05-21 20:58:00,77741.60000000,77741.60000000,77705.12000000,77705.13000000,6.64639000
2026-05-21 20:59:00,77705.12000000,77705.12000000,77687.30000000,77690.56000000,7.99151000
2026-05-21 21:00:00,77690.56000000,77731.53000000,77690.56000000,77731.53000000,3.87465000
2026-05-21 21:01:00,77731.53000000,77734.93000000,77724.53000000,77724.53000000,1.27153000
2026-05-21 21:02:00,77724.53000000,77724.54000000,77716.35000000,77716.36000000,0.99825000
2026-05-21 21:03:00,77716.36000000,77716.36000000,77694.00000000,77694.01000000,0.64170000
2026-05-21 21:04:00,77694.00000000,77694.01000000,77673.00000000,77676.52000000,1.11091000
2026-05-21 21:05:00,77676.51000000,77704.00000000,77664.72000000,77704.00000000,2.57001000
2026-05-21 21:06:00,77704.00000000,77739.18000000,77704.00000000,77715.12000000,1.40991000
2026-05-21 21:07:00,77715.12000000,77723.81000000,77715.11000000,77722.01000000,0.80370000
2026-05-21 21:08:00,77722.02000000,77737.57000000,77712.00000000,77712.00000000,1.39765000
2026-05-21 21:09:00,77712.01000000,77728.74000000,77712.00000000,77728.74000000,0.67742000
2026-05-21 21:10:00,77728.74000000,77730.03000000,77716.00000000,77716.01000000,1.75156000
2026-05-21 21:11:00,77716.01000000,77716.01000000,77704.00000000,77704.01000000,1.16192000
2026-05-21 21:12:00,77704.01000000,77704.01000000,77685.15000000,77685.15000000,1.47750000
2026-05-21 21:13:00,77685.05000000,77697.96000000,77677.61000000,77686.59000000,6.81818000
2026-05-21 21:14:00,77686.59000000,77715.27000000,77686.59000000,77712.56000000,1.15380000
2026-05-21 21:15:00,77712.56000000,77715.27000000,77712.56000000,77715.26000000,0.39987000
2026-05-21 21:16:00,77715.26000000,77727.73000000,77715.26000000,77727.72000000,0.55720000
2026-05-21 21:17:00,77727.72000000,77727.73000000,77698.00000000,77698.01000000,0.79521000
2026-05-21 21:18:00,77698.00000000,77702.01000000,77693.95000000,77702.00000000,0.69663000
2026-05-21 21:19:00,77702.00000000,77719.06000000,77702.00000000,77719.06000000,3.99753000
2026-05-21 21:20:00,77719.06000000,77719.06000000,77711.26000000,77711.26000000,1.02758000
2026-05-21 21:21:00,77711.26000000,77718.36000000,77711.06000000,77718.36000000,0.94482000
2026-05-21 21:22:00,77718.37000000,77718.37000000,77710.20000000,77717.32000000,3.05498000
2026-05-21 21:23:00,77717.32000000,77717.33000000,77708.00000000,77708.00000000,2.41466000
2026-05-21 21:24:00,77708.01000000,77708.01000000,77700.00000000,77700.00000000,0.66923000
2026-05-21 21:25:00,77700.00000000,77721.37000000,77700.00000000,77721.37000000,0.80994000
2026-05-21 21:26:00,77721.37000000,77721.37000000,77707.55000000,77707.56000000,1.14475000
2026-05-21 21:27:00,77707.55000000,77707.56000000,77692.65000000,77692.65000000,2.18110000
2026-05-21 21:28:00,77692.65000000,77692.66000000,77692.00000000,77692.00000000,4.66040000
2026-05-21 21:29:00,77692.00000000,77692.01000000,77692.00000000,77692.01000000,0.32946000
2026-05-21 21:30:00,77692.01000000,77718.01000000,77692.00000000,77718.00000000,5.33586000
2026-05-21 21:31:00,77718.01000000,77728.79000000,77718.00000000,77728.78000000,2.27785000
2026-05-21 21:32:00,77728.79000000,77733.68000000,77728.78000000,77733.68000000,1.56817000
2026-05-21 21:33:00,77733.67000000,77748.78000000,77733.67000000,77748.78000000,3.60162000
2026-05-21 21:34:00,77748.78000000,77753.32000000,77745.27000000,77753.32000000,2.10460000
2026-05-21 21:35:00,77753.32000000,77804.75000000,77753.32000000,77770.55000000,17.19707000
2026-05-21 21:36:00,77770.55000000,77770.55000000,77768.39000000,77768.40000000,1.62154000
2026-05-21 21:37:00,77768.40000000,77768.40000000,77740.41000000,77740.41000000,2.01777000
2026-05-21 21:38:00,77740.40000000,77740.40000000,77699.60000000,77699.60000000,1.95698000
2026-05-21 21:39:00,77699.60000000,77701.93000000,77690.21000000,77690.21000000,6.43849000
2026-05-21 21:40:00,77690.21000000,77690.21000000,77647.75000000,77647.75000000,7.02960000
2026-05-21 21:41:00,77647.76000000,77673.72000000,77647.76000000,77673.72000000,4.10108000
2026-05-21 21:42:00,77673.72000000,77673.72000000,77664.30000000,77667.22000000,1.48005000
2026-05-21 21:43:00,77667.22000000,77690.01000000,77667.21000000,77690.01000000,0.81787000
2026-05-21 21:44:00,77690.00000000,77694.01000000,77690.00000000,77694.01000000,0.43785000
2026-05-21 21:45:00,77694.01000000,77706.02000000,77694.01000000,77706.01000000,0.55829000
2026-05-21 21:46:00,77706.02000000,77727.50000000,77706.01000000,77727.50000000,1.52847000
2026-05-21 21:47:00,77727.49000000,77752.02000000,77727.49000000,77752.02000000,3.91418000
2026-05-21 21:48:00,77752.02000000,77801.96000000,77752.01000000,77801.96000000,2.33119000
2026-05-21 21:49:00,77801.97000000,77801.98000000,77775.13000000,77775.14000000,1.58889000
2026-05-21 21:50:00,77775.14000000,77796.10000000,77775.13000000,77786.71000000,2.38743000
2026-05-21 21:51:00,77786.72000000,77786.72000000,77721.03000000,77721.04000000,5.70017000
2026-05-21 21:52:00,77721.04000000,77721.04000000,77687.30000000,77687.30000000,2.51562000
2026-05-21 21:53:00,77687.30000000,77688.01000000,77658.20000000,77658.21000000,2.31740000
2026-05-21 21:54:00,77658.21000000,77667.83000000,77658.21000000,77663.11000000,0.54445000
2026-05-21 21:55:00,77663.11000000,77681.65000000,77663.11000000,77681.64000000,1.19653000
2026-05-21 21:56:00,77681.64000000,77684.04000000,77681.64000000,77684.03000000,0.31717000
2026-05-21 21:57:00,77684.04000000,77689.69000000,77684.03000000,77689.69000000,4.30622000
2026-05-21 21:58:00,77689.69000000,77704.18000000,77689.68000000,77704.18000000,4.70473000
2026-05-21 21:59:00,77704.19000000,77716.02000000,77702.52000000,77705.81000000,2.06280000
2026-05-21 22:00:00,77705.80000000,77738.01000000,77705.80000000,77738.00000000,1.04579000
2026-05-21 22:01:00,77738.00000000,77797.38000000,77738.00000000,77766.01000000,8.10773000
2026-05-21 22:02:00,77766.01000000,77785.40000000,77766.01000000,77785.40000000,0.56374000
2026-05-21 22:03:00,77785.40000000,77786.01000000,77753.38000000,77753.39000000,3.18329000
2026-05-21 22:04:00,77753.39000000,77768.72000000,77753.38000000,77768.72000000,4.31192000
2026-05-21 22:05:00,77768.71000000,77788.07000000,77768.71000000,77788.02000000,0.84124000
2026-05-21 22:06:00,77788.02000000,77800.01000000,77782.49000000,77782.49000000,2.20590000
2026-05-21 22:07:00,77782.50000000,77790.01000000,77782.49000000,77790.00000000,0.73520000
2026-05-21 22:08:00,77790.00000000,77790.01000000,77779.71000000,77787.55000000,6.13650000
2026-05-21 22:09:00,77787.55000000,77800.72000000,77787.55000000,77800.72000000,1.71987000
2026-05-21 22:10:00,77800.72000000,77810.01000000,77800.71000000,77810.00000000,0.64848000
2026-05-21 22:11:00,77810.00000000,77810.05000000,77775.14000000,77780.96000000,2.55913000
2026-05-21 22:12:00,77780.96000000,77798.91000000,77780.95000000,77781.26000000,24.80441000
2026-05-21 22:13:00,77781.25000000,77781.25000000,77758.56000000,77758.57000000,3.47314000
2026-05-21 22:14:00,77758.57000000,77775.16000000,77756.52000000,77775.15000000,1.42988000
2026-05-21 22:15:00,77775.15000000,77787.85000000,77775.14000000,77787.85000000,0.49439000
2026-05-21 22:16:00,77787.84000000,77787.84000000,77768.05000000,77768.05000000,1.38263000
2026-05-21 22:17:00,77768.05000000,77774.39000000,77768.04000000,77774.39000000,0.62413000
2026-05-21 22:18:00,77774.39000000,77789.59000000,77774.38000000,77789.58000000,2.04603000
2026-05-21 22:19:00,77789.59000000,77789.59000000,77768.00000000,77768.01000000,1.48898000
2026-05-21 22:20:00,77768.01000000,77768.01000000,77762.55000000,77762.56000000,0.89651000
2026-05-21 22:21:00,77762.55000000,77770.43000000,77762.55000000,77769.55000000,1.59700000
2026-05-21 22:22:00,77769.56000000,77776.25000000,77769.55000000,77771.84000000,0.91176000
2026-05-21 22:23:00,77771.83000000,77789.91000000,77771.83000000,77789.90000000,1.43109000
2026-05-21 22:24:00,77789.90000000,77789.90000000,77782.39000000,77787.40000000,2.37368000
2026-05-21 22:25:00,77787.39000000,77787.39000000,77768.00000000,77773.75000000,3.35844000
2026-05-21 22:26:00,77773.75000000,77784.89000000,77772.72000000,77772.73000000,3.28388000
2026-05-21 22:27:00,77772.73000000,77780.60000000,77772.72000000,77780.59000000,1.17041000
2026-05-21 22:28:00,77780.60000000,77794.34000000,77776.49000000,77794.34000000,10.70008000
2026-05-21 22:29:00,77794.34000000,77812.76000000,77791.99000000,77812.76000000,5.10345000
2026-05-21 22:30:00,77813.22000000,77813.35000000,77798.20000000,77798.21000000,1.42072000
2026-05-21 22:31:00,77798.21000000,77798.21000000,77787.20000000,77787.21000000,1.37208000
2026-05-21 22:32:00,77787.21000000,77787.21000000,77770.42000000,77770.43000000,3.40214000
2026-05-21 22:33:00,77770.43000000,77773.61000000,77770.42000000,77773.61000000,1.22692000
2026-05-21 22:34:00,77773.60000000,77784.59000000,77773.60000000,77784.59000000,2.22858000
2026-05-21 22:35:00,77784.59000000,77805.02000000,77774.59000000,77774.59000000,5.02332000
2026-05-21 22:36:00,77774.60000000,77793.31000000,77774.59000000,77793.31000000,1.79864000
2026-05-21 22:37:00,77793.30000000,77793.31000000,77770.00000000,77770.00000000,1.98060000
2026-05-21 22:38:00,77770.00000000,77772.14000000,77770.00000000,77770.00000000,1.45484000
2026-05-21 22:39:00,77770.01000000,77770.01000000,77770.00000000,77770.00000000,2.20820000
2026-05-21 22:40:00,77770.00000000,77770.01000000,77733.19000000,77733.20000000,6.03275000
2026-05-21 22:41:00,77733.19000000,77733.20000000,77717.61000000,77728.28000000,5.23633000
2026-05-21 22:42:00,77728.28000000,77728.28000000,77725.55000000,77725.56000000,1.53992000
2026-05-21 22:43:00,77725.56000000,77725.56000000,77701.78000000,77708.11000000,4.82710000
2026-05-21 22:44:00,77708.12000000,77733.93000000,77708.12000000,77722.12000000,3.54913000
2026-05-21 22:45:00,77722.12000000,77722.12000000,77709.22000000,77709.23000000,1.65194000
2026-05-21 22:46:00,77709.23000000,77710.55000000,77706.12000000,77710.54000000,1.02838000
2026-05-21 22:47:00,77710.55000000,77710.55000000,77697.64000000,77697.64000000,5.43470000
2026-05-21 22:48:00,77697.64000000,77697.64000000,77662.21000000,77675.14000000,5.11696000
2026-05-21 22:49:00,77675.13000000,77675.14000000,77663.95000000,77663.96000000,0.87147000
2026-05-21 22:50:00,77663.96000000,77663.96000000,77655.86000000,77657.44000000,3.33589000
2026-05-21 22:51:00,77657.44000000,77697.91000000,77657.44000000,77697.90000000,1.40351000
2026-05-21 22:52:00,77697.90000000,77709.77000000,77697.90000000,77709.77000000,0.57359000
2026-05-21 22:53:00,77709.77000000,77717.36000000,77709.77000000,77717.36000000,0.64575000
2026-05-21 22:54:00,77717.36000000,77717.62000000,77717.35000000,77717.61000000,0.77564000
2026-05-21 22:55:00,77717.62000000,77717.62000000,77717.61000000,77717.61000000,0.91993000
2026-05-21 22:56:00,77717.61000000,77717.62000000,77690.47000000,77690.48000000,3.22655000
2026-05-21 22:57:00,77690.47000000,77690.48000000,77668.00000000,77668.00000000,0.88050000
2026-05-21 22:58:00,77668.01000000,77668.01000000,77645.40000000,77665.81000000,8.02580000
2026-05-21 22:59:00,77665.81000000,77672.30000000,77647.06000000,77672.29000000,7.14951000
2026-05-21 23:00:00,77672.30000000,77705.15000000,77620.00000000,77620.01000000,7.19700000
2026-05-21 23:01:00,77620.00000000,77649.58000000,77617.17000000,77649.57000000,4.84384000
2026-05-21 23:02:00,77649.57000000,77677.41000000,77649.57000000,77670.51000000,3.32105000
2026-05-21 23:03:00,77670.51000000,77746.90000000,77670.51000000,77746.90000000,3.58667000
2026-05-21 23:04:00,77746.90000000,77750.61000000,77721.65000000,77721.65000000,12.73681000
2026-05-21 23:05:00,77721.66000000,77732.79000000,77697.22000000,77717.72000000,4.52965000
2026-05-21 23:06:00,77717.73000000,77741.33000000,77711.18000000,77741.33000000,0.73542000
2026-05-21 23:07:00,77741.33000000,77750.01000000,77741.33000000,77741.59000000,0.47576000
2026-05-21 23:08:00,77741.60000000,77741.60000000,77741.59000000,77741.59000000,0.44420000
2026-05-21 23:09:00,77741.59000000,77741.60000000,77718.00000000,77725.92000000,1.78655000
2026-05-21 23:10:00,77725.93000000,77725.93000000,77692.94000000,77692.94000000,1.01058000
2026-05-21 23:11:00,77692.94000000,77698.70000000,77682.40000000,77696.42000000,4.50984000
2026-05-21 23:12:00,77696.43000000,77696.43000000,77676.12000000,77676.12000000,0.71240000
2026-05-21 23:13:00,77676.12000000,77676.12000000,77659.57000000,77659.58000000,0.95558000
2026-05-21 23:14:00,77659.58000000,77659.58000000,77651.61000000,77658.44000000,1.27802000
2026-05-21 23:15:00,77658.44000000,77658.45000000,77628.59000000,77639.14000000,2.45667000
2026-05-21 23:16:00,77639.14000000,77647.70000000,77600.00000000,77600.01000000,5.98845000
2026-05-21 23:17:00,77600.01000000,77615.49000000,77600.00000000,77615.49000000,0.50009000
2026-05-21 23:18:00,77615.48000000,77625.45000000,77612.34000000,77623.73000000,1.70280000
2026-05-21 23:19:00,77623.73000000,77634.69000000,77623.72000000,77634.68000000,0.66199000
2026-05-21 23:20:00,77634.69000000,77634.69000000,77618.11000000,77618.12000000,0.97076000
2026-05-21 23:21:00,77618.12000000,77634.69000000,77618.11000000,77634.69000000,0.57631000
2026-05-21 23:22:00,77634.69000000,77648.30000000,77634.69000000,77642.42000000,1.17272000
2026-05-21 23:23:00,77642.42000000,77642.42000000,77638.01000000,77638.02000000,0.70090000
2026-05-21 23:24:00,77638.02000000,77663.99000000,77638.01000000,77659.67000000,2.34935000
2026-05-21 23:25:00,77659.68000000,77673.44000000,77659.67000000,77670.65000000,1.73240000
2026-05-21 23:26:00,77670.65000000,77676.28000000,77670.64000000,77676.28000000,0.96515000
2026-05-21 23:27:00,77676.28000000,77676.28000000,77668.09000000,77668.09000000,1.41650000
2026-05-21 23:28:00,77668.09000000,77689.23000000,77668.09000000,77689.23000000,1.02864000
2026-05-21 23:29:00,77689.24000000,77698.95000000,77689.23000000,77698.95000000,1.45546000
2026-05-21 23:30:00,77698.95000000,77710.00000000,77698.94000000,77709.99000000,4.57171000
2026-05-21 23:31:00,77710.00000000,77716.40000000,77709.99000000,77716.10000000,1.28458000
2026-05-21 23:32:00,77716.10000000,77716.10000000,77704.15000000,77704.15000000,1.91813000
2026-05-21 23:33:00,77704.16000000,77707.66000000,77686.56000000,77686.56000000,1.86241000
2026-05-21 23:34:00,77686.56000000,77686.57000000,77622.51000000,77622.51000000,3.43817000
2026-05-21 23:35:00,77622.51000000,77626.01000000,77618.18000000,77620.00000000,3.50775000
2026-05-21 23:36:00,77620.01000000,77635.06000000,77618.00000000,77620.63000000,2.17538000
2026-05-21 23:37:00,77620.64000000,77620.64000000,77592.13000000,77592.13000000,1.67485000
2026-05-21 23:38:00,77592.13000000,77592.14000000,77580.82000000,77580.82000000,2.71285000
2026-05-21 23:39:00,77580.82000000,77580.83000000,77555.34000000,77555.34000000,4.71796000
2026-05-21 23:40:00,77555.33000000,77595.72000000,77555.33000000,77595.72000000,4.46157000
2026-05-21 23:41:00,77595.71000000,77627.12000000,77595.71000000,77627.11000000,2.65430000
2026-05-21 23:42:00,77627.11000000,77640.69000000,77627.11000000,77640.69000000,2.62422000
2026-05-21 23:43:00,77640.69000000,77651.03000000,77640.67000000,77640.68000000,2.18703000
2026-05-21 23:44:00,77640.68000000,77646.92000000,77640.67000000,77640.67000000,1.82177000
2026-05-21 23:45:00,77640.68000000,77660.95000000,77640.68000000,77660.94000000,1.35347000
2026-05-21 23:46:00,77660.94000000,77660.95000000,77660.94000000,77660.94000000,0.67247000
2026-05-21 23:47:00,77660.95000000,77660.95000000,77660.94000000,77660.94000000,0.41815000
2026-05-21 23:48:00,77660.94000000,77660.94000000,77647.76000000,77655.32000000,2.38546000
2026-05-21 23:49:00,77655.32000000,77655.32000000,77638.04000000,77638.04000000,1.20543000
2026-05-21 23:50:00,77638.04000000,77638.05000000,77610.07000000,77610.08000000,2.63988000
2026-05-21 23:51:00,77610.07000000,77610.08000000,77610.07000000,77610.08000000,0.36759000
2026-05-21 23:52:00,77610.08000000,77610.08000000,77610.07000000,77610.08000000,0.91932000
2026-05-21 23:53:00,77610.07000000,77615.01000000,77610.07000000,77610.08000000,1.39087000
2026-05-21 23:54:00,77610.08000000,77619.84000000,77610.07000000,77619.84000000,0.92719000
2026-05-21 23:55:00,77619.83000000,77637.85000000,77619.83000000,77637.85000000,0.99911000
2026-05-21 23:56:00,77637.84000000,77637.85000000,77628.00000000,77628.01000000,1.79100000
2026-05-21 23:57:00,77628.01000000,77628.01000000,77628.00000000,77628.00000000,0.57471000
2026-05-21 23:58:00,77628.00000000,77628.00000000,77623.00000000,77623.00000000,0.44423000
2026-05-21 23:59:00,77623.00000000,77628.01000000,77623.00000000,77628.00000000,0.87964000
2026-05-22 00:00:00,77628.01000000,77628.01000000,77604.15000000,77607.66000000,6.69533000
2026-05-22 00:01:00,77607.65000000,77615.73000000,77593.41000000,77593.42000000,6.71806000
2026-05-22 00:02:00,77593.42000000,77609.11000000,77593.41000000,77609.11000000,1.92332000
2026-05-22 00:03:00,77609.11000000,77655.33000000,77609.11000000,77655.32000000,1.01822000
2026-05-22 00:04:00,77655.33000000,77663.99000000,77655.32000000,77655.60000000,1.10129000
2026-05-22 00:05:00,77655.60000000,77667.62000000,77655.60000000,77667.61000000,1.04987000
2026-05-22 00:06:00,77667.62000000,77701.99000000,77667.61000000,77701.98000000,4.69811000
2026-05-22 00:07:00,77701.99000000,77709.41000000,77696.65000000,77709.40000000,2.05428000
2026-05-22 00:08:00,77709.40000000,77714.31000000,77709.11000000,77709.12000000,1.31793000
2026-05-22 00:09:00,77709.12000000,77717.24000000,77706.77000000,77717.23000000,1.01248000
2026-05-22 00:10:00,77717.24000000,77717.24000000,77704.03000000,77704.04000000,0.91318000
2026-05-22 00:11:00,77704.03000000,77704.04000000,77702.45000000,77702.46000000,0.59127000
2026-05-22 00:12:00,77702.45000000,77702.45000000,77646.53000000,77646.53000000,1.29849000
2026-05-22 00:13:00,77646.52000000,77646.52000000,77628.94000000,77635.32000000,4.38252000
2026-05-22 00:14:00,77635.32000000,77635.32000000,77565.59000000,77565.60000000,2.46252000
2026-05-22 00:15:00,77565.60000000,77587.23000000,77534.43000000,77587.23000000,4.81914000
2026-05-22 00:16:00,77587.23000000,77600.01000000,77584.01000000,77600.00000000,0.48466000
2026-05-22 00:17:00,77600.01000000,77610.01000000,77600.00000000,77610.01000000,1.99969000
2026-05-22 00:18:00,77610.00000000,77612.42000000,77594.85000000,77612.42000000,1.04722000
2026-05-22 00:19:00,77612.42000000,77615.55000000,77603.09000000,77615.55000000,1.60673000
2026-05-22 00:20:00,77615.55000000,77623.08000000,77609.14000000,77623.08000000,0.87209000
2026-05-22 00:21:00,77623.08000000,77623.08000000,77589.02000000,77589.03000000,2.62859000
2026-05-22 00:22:00,77589.02000000,77589.03000000,77589.02000000,77589.02000000,0.73759000
2026-05-22 00:23:00,77589.03000000,77589.03000000,77589.02000000,77589.02000000,0.55159000
2026-05-22 00:24:00,77589.02000000,77610.45000000,77589.02000000,77610.45000000,1.16322000
2026-05-22 00:25:00,77610.45000000,77636.10000000,77609.12000000,77636.09000000,0.79465000
2026-05-22 00:26:00,77636.10000000,77654.46000000,77636.09000000,77654.45000000,1.33150000
2026-05-22 00:27:00,77654.46000000,77660.60000000,77654.46000000,77660.60000000,0.48154000
2026-05-22 00:28:00,77660.59000000,77660.60000000,77643.14000000,77646.62000000,2.08019000
2026-05-22 00:29:00,77646.61000000,77655.12000000,77643.14000000,77655.11000000,0.84208000
2026-05-22 00:30:00,77655.12000000,77660.64000000,77638.01000000,77638.02000000,1.58945000
2026-05-22 00:31:00,77638.01000000,77638.02000000,77638.01000000,77638.01000000,0.64969000
2026-05-22 00:32:00,77638.02000000,77659.22000000,77638.02000000,77659.22000000,1.81879000
2026-05-22 00:33:00,77659.22000000,77674.47000000,77659.21000000,77668.06000000,2.92185000
2026-05-22 00:34:00,77668.06000000,77677.41000000,77665.04000000,77677.40000000,2.63065000
2026-05-22 00:35:00,77677.41000000,77696.09000000,77677.41000000,77696.09000000,2.27132000
2026-05-22 00:36:00,77696.09000000,77712.01000000,77696.08000000,77712.01000000,2.32939000
2026-05-22 00:37:00,77712.01000000,77712.01000000,77690.17000000,77699.73000000,2.48414000
2026-05-22 00:38:00,77699.72000000,77699.73000000,77697.90000000,77697.91000000,2.51970000
2026-05-22 00:39:00,77697.91000000,77720.42000000,77697.90000000,77720.41000000,2.03244000
2026-05-22 00:40:00,77720.42000000,77738.26000000,77720.41000000,77738.25000000,2.88720000
2026-05-22 00:41:00,77738.26000000,77745.39000000,77738.25000000,77745.39000000,3.29366000
2026-05-22 00:42:00,77745.39000000,77745.39000000,77723.68000000,77723.69000000,2.07894000
2026-05-22 00:43:00,77723.69000000,77723.69000000,77710.53000000,77710.54000000,1.34042000
2026-05-22 00:44:00,77710.54000000,77710.54000000,77708.91000000,77708.92000000,1.55143000
2026-05-22 00:45:00,77708.92000000,77708.92000000,77700.43000000,77707.13000000,0.75594000
2026-05-22 00:46:00,77707.14000000,77707.14000000,77687.55000000,77700.31000000,4.46886000
2026-05-22 00:47:00,77700.30000000,77700.31000000,77700.30000000,77700.30000000,1.35312000
2026-05-22 00:48:00,77700.31000000,77700.31000000,77700.30000000,77700.31000000,0.55091000
2026-05-22 00:49:00,77700.31000000,77713.79000000,77700.30000000,77704.95000000,5.15978000
2026-05-22 00:50:00,77704.96000000,77704.96000000,77695.82000000,77695.82000000,6.38809000
2026-05-22 00:51:00,77695.83000000,77713.75000000,77695.82000000,77710.03000000,5.99185000
2026-05-22 00:52:00,77710.03000000,77741.59000000,77701.93000000,77729.90000000,13.64244000
2026-05-22 00:53:00,77729.91000000,77729.91000000,77725.68000000,77725.69000000,1.52044000
2026-05-22 00:54:00,77725.68000000,77725.68000000,77692.00000000,77692.00000000,3.60415000
2026-05-22 00:55:00,77692.01000000,77692.01000000,77681.00000000,77681.01000000,1.03740000
2026-05-22 00:56:00,77681.01000000,77681.01000000,77599.13000000,77603.88000000,8.27811000
2026-05-22 00:57:00,77603.89000000,77607.38000000,77603.88000000,77607.38000000,1.52581000
2026-05-22 00:58:00,77607.38000000,77607.38000000,77607.37000000,77607.38000000,0.50484000
2026-05-22 00:59:00,77607.38000000,77650.22000000,77607.37000000,77615.52000000,14.13926000
2026-05-22 01:00:00,77615.52000000,77628.38000000,77600.26000000,77600.27000000,4.60730000
2026-05-22 01:01:00,77600.26000000,77600.26000000,77562.84000000,77562.85000000,5.01252000
2026-05-22 01:02:00,77562.85000000,77581.58000000,77547.15000000,77576.03000000,10.25540000
2026-05-22 01:03:00,77576.04000000,77576.04000000,77519.52000000,77534.44000000,10.39230000
2026-05-22 01:04:00,77534.43000000,77551.57000000,77519.52000000,77546.93000000,6.73909000
2026-05-22 01:05:00,77546.93000000,77562.86000000,77542.01000000,77557.72000000,3.58527000
2026-05-22 01:06:00,77557.71000000,77568.08000000,77554.25000000,77568.07000000,1.78522000
2026-05-22 01:07:00,77568.08000000,77568.08000000,77546.01000000,77546.02000000,2.44180000
2026-05-22 01:08:00,77546.02000000,77564.01000000,77546.02000000,77553.34000000,4.10668000
2026-05-22 01:09:00,77553.34000000,77553.35000000,77534.43000000,77534.43000000,2.18876000
2026-05-22 01:10:00,77534.43000000,77534.43000000,77469.55000000,77469.55000000,9.97643000
2026-05-22 01:11:00,77469.55000000,77498.39000000,77467.37000000,77474.07000000,5.24155000
2026-05-22 01:12:00,77474.07000000,77486.24000000,77470.20000000,77470.68000000,4.46648000
2026-05-22 01:13:00,77470.67000000,77470.68000000,77452.00000000,77452.00000000,2.36143000
2026-05-22 01:14:00,77452.00000000,77455.84000000,77440.85000000,77442.49000000,6.10439000
2026-05-22 01:15:00,77442.50000000,77447.98000000,77416.83000000,77416.83000000,2.98992000
2026-05-22 01:16:00,77416.83000000,77480.00000000,77416.83000000,77479.99000000,3.14720000
2026-05-22 01:17:00,77479.99000000,77531.25000000,77479.99000000,77495.36000000,5.98913000
2026-05-22 01:18:00,77495.37000000,77495.37000000,77471.28000000,77481.99000000,3.07822000
2026-05-22 01:19:00,77481.99000000,77481.99000000,77477.88000000,77477.89000000,0.44287000
2026-05-22 01:20:00,77477.88000000,77487.38000000,77477.88000000,77487.37000000,0.70579000
2026-05-22 01:21:00,77487.38000000,77547.56000000,77487.37000000,77547.56000000,6.06904000
2026-05-22 01:22:00,77547.56000000,77547.56000000,77478.09000000,77478.10000000,7.47098000
2026-05-22 01:23:00,77478.09000000,77504.01000000,77478.09000000,77504.00000000,2.39477000
2026-05-22 01:24:00,77504.01000000,77536.55000000,77504.00000000,77536.55000000,1.27748000
2026-05-22 01:25:00,77536.54000000,77547.56000000,77534.43000000,77534.44000000,2.35389000
2026-05-22 01:26:00,77534.43000000,77534.43000000,77513.35000000,77524.98000000,1.73003000
2026-05-22 01:27:00,77524.98000000,77524.98000000,77518.92000000,77518.92000000,0.82280000
2026-05-22 01:28:00,77518.93000000,77518.93000000,77512.17000000,77516.09000000,1.30561000
2026-05-22 01:29:00,77516.09000000,77519.89000000,77484.00000000,77484.00000000,2.60583000
2026-05-22 01:30:00,77484.00000000,77502.89000000,77484.00000000,77502.89000000,1.04366000
2026-05-22 01:31:00,77502.89000000,77529.32000000,77492.47000000,77529.31000000,2.43217000
2026-05-22 01:32:00,77529.32000000,77562.01000000,77529.31000000,77562.00000000,2.62330000
2026-05-22 01:33:00,77562.01000000,77562.01000000,77524.31000000,77534.04000000,3.06839000
2026-05-22 01:34:00,77534.04000000,77539.87000000,77519.56000000,77530.68000000,1.60114000
2026-05-22 01:35:00,77530.69000000,77544.98000000,77517.99000000,77544.98000000,2.72354000
2026-05-22 01:36:00,77544.98000000,77544.98000000,77523.62000000,77523.62000000,2.52835000
2026-05-22 01:37:00,77523.63000000,77524.71000000,77508.31000000,77524.71000000,1.90699000
2026-05-22 01:38:00,77524.71000000,77524.71000000,77471.92000000,77479.99000000,2.29853000
2026-05-22 01:39:00,77480.00000000,77480.00000000,77460.34000000,77460.34000000,3.02493000
2026-05-22 01:40:00,77460.35000000,77478.02000000,77460.34000000,77471.20000000,0.99094000
2026-05-22 01:41:00,77471.20000000,77471.20000000,77394.30000000,77451.04000000,8.62718000
2026-05-22 01:42:00,77451.04000000,77451.04000000,77451.03000000,77451.04000000,0.90637000
2026-05-22 01:43:00,77451.04000000,77451.04000000,77451.03000000,77451.04000000,1.37325000
2026-05-22 01:44:00,77451.04000000,77473.70000000,77451.03000000,77472.95000000,3.40267000
2026-05-22 01:45:00,77472.95000000,77472.95000000,77463.20000000,77467.51000000,1.58473000
2026-05-22 01:46:00,77467.51000000,77510.67000000,77463.21000000,77504.00000000,3.23235000
2026-05-22 01:47:00,77504.00000000,77504.01000000,77477.64000000,77477.65000000,1.99903000
2026-05-22 01:48:00,77477.65000000,77477.65000000,77420.87000000,77425.03000000,2.67614000
2026-05-22 01:49:00,77425.04000000,77461.38000000,77425.04000000,77451.30000000,3.48792000
2026-05-22 01:50:00,77451.30000000,77461.50000000,77451.29000000,77461.49000000,0.66458000
2026-05-22 01:51:00,77461.49000000,77461.50000000,77443.48000000,77452.83000000,1.45324000
2026-05-22 01:52:00,77452.83000000,77456.01000000,77443.87000000,77443.87000000,1.72971000
2026-05-22 01:53:00,77443.87000000,77443.88000000,77394.30000000,77405.16000000,25.52083000
2026-05-22 01:54:00,77405.17000000,77405.17000000,77394.31000000,77394.33000000,5.75417000
2026-05-22 01:55:00,77394.33000000,77411.84000000,77394.32000000,77411.28000000,8.34076000
2026-05-22 01:56:00,77411.28000000,77440.00000000,77404.03000000,77439.99000000,2.11899000
2026-05-22 01:57:00,77439.99000000,77446.60000000,77417.74000000,77417.74000000,2.67508000
2026-05-22 01:58:00,77417.74000000,77417.75000000,77403.03000000,77403.04000000,2.41143000
2026-05-22 01:59:00,77403.03000000,77403.04000000,77369.49000000,77373.57000000,4.77414000
2026-05-22 02:00:00,77373.57000000,77373.57000000,77350.00000000,77350.01000000,3.96583000
2026-05-22 02:01:00,77350.01000000,77373.92000000,77350.00000000,77373.92000000,3.17448000
2026-05-22 02:02:00,77373.91000000,77377.02000000,77335.00000000,77335.01000000,4.93276000
2026-05-22 02:03:00,77335.01000000,77361.64000000,77333.33000000,77333.33000000,4.86313000
2026-05-22 02:04:00,77333.33000000,77343.23000000,77327.28000000,77338.00000000,4.04511000
2026-05-22 02:05:00,77338.01000000,77371.23000000,77338.00000000,77371.22000000,3.90944000
2026-05-22 02:06:00,77371.22000000,77371.22000000,77358.96000000,77369.00000000,2.31815000
2026-05-22 02:07:00,77369.00000000,77402.01000000,77369.00000000,77372.76000000,3.22196000
2026-05-22 02:08:00,77372.76000000,77408.08000000,77372.75000000,77408.07000000,3.71140000
2026-05-22 02:09:00,77408.07000000,77408.08000000,77395.10000000,77404.94000000,2.41448000
2026-05-22 02:10:00,77404.94000000,77425.43000000,77404.94000000,77425.42000000,2.12747000
2026-05-22 02:11:00,77425.42000000,77425.43000000,77404.00000000,77407.12000000,4.97868000
2026-05-22 02:12:00,77407.13000000,77425.42000000,77407.12000000,77425.41000000,1.82091000
2026-05-22 02:13:00,77425.42000000,77452.00000000,77425.41000000,77452.00000000,1.74555000
2026-05-22 02:14:00,77452.01000000,77514.01000000,77452.01000000,77514.01000000,8.15661000
2026-05-22 02:15:00,77514.00000000,77520.39000000,77486.67000000,77486.68000000,4.27562000
2026-05-22 02:16:00,77486.68000000,77486.68000000,77452.01000000,77458.85000000,1.51540000
2026-05-22 02:17:00,77458.86000000,77467.23000000,77454.53000000,77457.99000000,2.33515000
2026-05-22 02:18:00,77457.98000000,77457.99000000,77446.31000000,77457.86000000,1.39281000
2026-05-22 02:19:00,77457.87000000,77541.80000000,77446.95000000,77541.79000000,65.31221000
2026-05-22 02:20:00,77541.80000000,77541.80000000,77513.36000000,77513.37000000,3.16588000
2026-05-22 02:21:00,77513.36000000,77513.37000000,77508.40000000,77508.40000000,1.18921000
2026-05-22 02:22:00,77508.40000000,77508.41000000,77473.90000000,77473.91000000,3.48931000
2026-05-22 02:23:00,77473.91000000,77473.91000000,77456.36000000,77465.95000000,1.46623000
2026-05-22 02:24:00,77465.95000000,77465.95000000,77457.07000000,77457.08000000,3.33931000
2026-05-22 02:25:00,77457.08000000,77466.38000000,77457.07000000,77460.32000000,8.87114000
2026-05-22 02:26:00,77457.23000000,77473.44000000,77457.23000000,77473.43000000,0.42599000
2026-05-22 02:27:00,77473.44000000,77473.44000000,77473.43000000,77473.43000000,0.63621000
2026-05-22 02:28:00,77473.43000000,77473.44000000,77473.43000000,77473.44000000,1.19395000
2026-05-22 02:29:00,77473.43000000,77473.44000000,77473.43000000,77473.44000000,0.62569000
2026-05-22 02:30:00,77473.43000000,77473.44000000,77464.32000000,77473.44000000,3.58535000
2026-05-22 02:31:00,77473.44000000,77506.00000000,77473.43000000,77506.00000000,1.76390000
2026-05-22 02:32:00,77505.99000000,77505.99000000,77473.43000000,77473.43000000,3.74271000
2026-05-22 02:33:00,77473.44000000,77473.44000000,77407.98000000,77429.96000000,6.69893000
2026-05-22 02:34:00,77429.95000000,77429.96000000,77413.84000000,77413.85000000,6.60053000
2026-05-22 02:35:00,77413.84000000,77413.85000000,77356.66000000,77382.55000000,11.65484000
2026-05-22 02:36:00,77382.55000000,77394.13000000,77382.54000000,77392.18000000,1.73646000
2026-05-22 02:37:00,77392.18000000,77435.00000000,77392.18000000,77435.00000000,2.09955000
2026-05-22 02:38:00,77434.99000000,77435.00000000,77434.99000000,77435.00000000,0.35811000
2026-05-22 02:39:00,77434.99000000,77439.55000000,77434.99000000,77439.55000000,0.58280000
2026-05-22 02:40:00,77439.54000000,77439.55000000,77415.38000000,77415.39000000,3.82183000
2026-05-22 02:41:00,77415.38000000,77460.70000000,77415.38000000,77460.70000000,2.77427000
2026-05-22 02:42:00,77460.69000000,77470.01000000,77460.69000000,77470.01000000,0.24778000
2026-05-22 02:43:00,77470.01000000,77508.03000000,77470.01000000,77508.03000000,2.12265000
2026-05-22 02:44:00,77508.04000000,77521.64000000,77508.04000000,77521.64000000,0.55510000
2026-05-22 02:45:00,77521.64000000,77534.44000000,77521.63000000,77534.44000000,0.66075000
2026-05-22 02:46:00,77534.44000000,77559.31000000,77534.43000000,77559.30000000,2.47622000
2026-05-22 02:47:00,77559.30000000,77616.81000000,77559.30000000,77616.81000000,6.28788000
2026-05-22 02:48:00,77616.81000000,77638.02000000,77616.81000000,77625.25000000,3.87730000
2026-05-22 02:49:00,77625.26000000,77625.26000000,77625.25000000,77625.25000000,0.95257000
2026-05-22 02:50:00,77625.25000000,77673.50000000,77625.25000000,77673.49000000,6.98807000
2026-05-22 02:51:00,77673.50000000,77673.50000000,77643.70000000,77643.71000000,3.86506000
2026-05-22 02:52:00,77643.71000000,77653.80000000,77608.74000000,77608.75000000,9.33990000
2026-05-22 02:53:00,77608.74000000,77616.97000000,77600.00000000,77602.19000000,4.13539000
2026-05-22 02:54:00,77602.20000000,77604.61000000,77602.19000000,77604.61000000,0.57479000
2026-05-22 02:55:00,77604.61000000,77615.67000000,77602.20000000,77602.21000000,1.94565000
2026-05-22 02:56:00,77602.21000000,77602.21000000,77589.03000000,77593.34000000,3.72133000
2026-05-22 02:57:00,77593.34000000,77593.34000000,77563.46000000,77575.65000000,1.90037000
2026-05-22 02:58:00,77575.65000000,77590.89000000,77575.65000000,77590.89000000,0.88658000
2026-05-22 02:59:00,77590.89000000,77616.00000000,77590.89000000,77616.00000000,2.28934000
2026-05-22 03:00:00,77616.00000000,77694.02000000,77615.99000000,77680.72000000,9.25176000
2026-05-22 03:01:00,77680.72000000,77699.00000000,77670.33000000,77670.34000000,24.74901000
2026-05-22 03:02:00,77670.34000000,77670.34000000,77638.01000000,77661.84000000,6.06723000
2026-05-22 03:03:00,77661.84000000,77700.00000000,77661.83000000,77693.53000000,25.03239000
2026-05-22 03:04:00,77693.53000000,77700.83000000,77681.18000000,77700.82000000,2.09376000
2026-05-22 03:05:00,77700.83000000,77700.83000000,77652.94000000,77652.95000000,8.98816000
2026-05-22 03:06:00,77652.95000000,77679.69000000,77652.94000000,77679.69000000,1.21048000
2026-05-22 03:07:00,77679.68000000,77694.00000000,77642.76000000,77642.76000000,5.36572000
2026-05-22 03:08:00,77642.77000000,77668.26000000,77642.76000000,77668.24000000,2.19929000
2026-05-22 03:09:00,77668.25000000,77675.94000000,77668.24000000,77675.94000000,0.36542000
2026-05-22 03:10:00,77675.94000000,77675.94000000,77650.67000000,77671.68000000,2.97828000
2026-05-22 03:11:00,77671.69000000,77671.69000000,77655.26000000,77655.26000000,2.77281000
2026-05-22 03:12:00,77655.25000000,77659.45000000,77649.94000000,77649.95000000,0.63107000
2026-05-22 03:13:00,77649.95000000,77669.97000000,77644.77000000,77669.97000000,2.33653000
2026-05-22 03:14:00,77669.97000000,77669.97000000,77669.96000000,77669.97000000,0.56237000
2026-05-22 03:15:00,77669.96000000,77701.84000000,77669.96000000,77701.84000000,5.49274000
2026-05-22 03:16:00,77701.83000000,77704.47000000,77699.80000000,77704.46000000,2.38689000
2026-05-22 03:17:00,77704.47000000,77714.00000000,77694.32000000,77713.11000000,4.03231000
2026-05-22 03:18:00,77713.10000000,77713.11000000,77698.58000000,77701.54000000,5.89368000
2026-05-22 03:19:00,77701.54000000,77709.09000000,77701.53000000,77709.09000000,2.76186000
2026-05-22 03:20:00,77709.09000000,77728.01000000,77691.85000000,77728.00000000,4.40238000
2026-05-22 03:21:00,77728.01000000,77728.01000000,77719.53000000,77719.53000000,2.35208000
2026-05-22 03:22:00,77719.54000000,77728.01000000,77688.83000000,77688.83000000,4.24613000
2026-05-22 03:23:00,77688.83000000,77688.84000000,77666.00000000,77666.01000000,1.60473000
2026-05-22 03:24:00,77666.01000000,77666.01000000,77651.21000000,77656.71000000,0.96556000
2026-05-22 03:25:00,77656.71000000,77656.71000000,77619.32000000,77619.33000000,2.06097000
2026-05-22 03:26:00,77619.32000000,77647.46000000,77619.32000000,77647.46000000,3.00921000
2026-05-22 03:27:00,77647.47000000,77652.20000000,77647.46000000,77652.20000000,0.72615000
2026-05-22 03:28:00,77652.19000000,77658.00000000,77644.92000000,77649.58000000,1.57362000
2026-05-22 03:29:00,77649.58000000,77663.74000000,77649.58000000,77663.73000000,0.59513000
2026-05-22 03:30:00,77663.73000000,77699.01000000,77663.73000000,77699.01000000,1.46932000
2026-05-22 03:31:00,77699.01000000,77699.01000000,77682.35000000,77687.88000000,1.61117000
2026-05-22 03:32:00,77687.89000000,77705.27000000,77687.89000000,77689.31000000,1.47287000
2026-05-22 03:33:00,77689.31000000,77689.31000000,77654.21000000,77654.21000000,3.76823000
2026-05-22 03:34:00,77654.22000000,77654.22000000,77608.06000000,77622.89000000,8.32681000
2026-05-22 03:35:00,77622.90000000,77650.37000000,77622.89000000,77638.02000000,3.29777000
2026-05-22 03:36:00,77638.02000000,77655.48000000,77638.01000000,77655.48000000,1.34780000
2026-05-22 03:37:00,77655.48000000,77655.48000000,77646.03000000,77646.03000000,0.91931000
2026-05-22 03:38:00,77646.04000000,77646.04000000,77641.11000000,77641.12000000,0.39689000
2026-05-22 03:39:00,77641.12000000,77645.71000000,77638.01000000,77645.70000000,0.85912000
2026-05-22 03:40:00,77645.70000000,77648.20000000,77632.10000000,77648.20000000,1.47121000
2026-05-22 03:41:00,77648.20000000,77651.36000000,77630.00000000,77646.83000000,2.92835000
2026-05-22 03:42:00,77646.84000000,77653.83000000,77646.84000000,77653.83000000,2.43144000
2026-05-22 03:43:00,77653.83000000,77653.83000000,77639.31000000,77639.31000000,1.63333000
2026-05-22 03:44:00,77639.30000000,77639.31000000,77631.04000000,77631.05000000,1.18893000
2026-05-22 03:45:00,77631.04000000,77704.75000000,77625.05000000,77684.47000000,22.80306000
2026-05-22 03:46:00,77684.47000000,77684.48000000,77661.52000000,77661.53000000,2.21674000
2026-05-22 03:47:00,77661.52000000,77663.50000000,77634.92000000,77634.92000000,18.24878000
2026-05-22 03:48:00,77634.93000000,77638.54000000,77593.16000000,77593.17000000,10.28535000
2026-05-22 03:49:00,77593.17000000,77625.00000000,77593.17000000,77624.99000000,5.59225000
2026-05-22 03:50:00,77624.99000000,77625.32000000,77621.66000000,77625.32000000,3.74286000
2026-05-22 03:51:00,77625.33000000,77628.18000000,77624.96000000,77624.96000000,0.71183000
2026-05-22 03:52:00,77624.96000000,77631.83000000,77624.96000000,77631.83000000,0.48468000
2026-05-22 03:53:00,77631.83000000,77650.70000000,77631.83000000,77638.01000000,1.50718000
2026-05-22 03:54:00,77638.02000000,77638.02000000,77625.43000000,77625.43000000,1.62775000
2026-05-22 03:55:00,77625.43000000,77628.94000000,77625.43000000,77628.93000000,1.08175000
2026-05-22 03:56:00,77628.94000000,77636.30000000,77628.93000000,77636.29000000,2.93205000
2026-05-22 03:57:00,77636.30000000,77650.52000000,77636.29000000,77650.51000000,1.48190000
2026-05-22 03:58:00,77650.51000000,77657.08000000,77650.51000000,77657.07000000,0.46951000
2026-05-22 03:59:00,77657.08000000,77673.37000000,77657.07000000,77673.36000000,1.79526000
2026-05-22 04:00:00,77673.37000000,77709.48000000,77673.36000000,77708.69000000,1.45843000
2026-05-22 04:01:00,77708.70000000,77708.70000000,77701.65000000,77701.65000000,1.60761000
2026-05-22 04:02:00,77701.66000000,77701.66000000,77689.00000000,77694.32000000,3.96027000
2026-05-22 04:03:00,77694.31000000,77719.74000000,77694.31000000,77719.74000000,1.02633000
2026-05-22 04:04:00,77719.74000000,77750.00000000,77719.73000000,77749.99000000,6.92292000
2026-05-22 04:05:00,77749.99000000,77779.71000000,77737.35000000,77737.36000000,5.26607000
2026-05-22 04:06:00,77737.35000000,77737.36000000,77737.35000000,77737.35000000,0.90305000
2026-05-22 04:07:00,77737.35000000,77737.36000000,77737.35000000,77737.35000000,0.36343000
2026-05-22 04:08:00,77737.35000000,77741.48000000,77718.59000000,77741.48000000,7.30394000
2026-05-22 04:09:00,77741.47000000,77741.48000000,77723.37000000,77726.13000000,1.43967000
2026-05-22 04:10:00,77726.13000000,77741.66000000,77726.13000000,77741.65000000,1.14881000
2026-05-22 04:11:00,77741.65000000,77743.95000000,77734.08000000,77743.95000000,1.89614000
2026-05-22 04:12:00,77743.94000000,77743.95000000,77726.16000000,77726.16000000,1.82812000
2026-05-22 04:13:00,77726.16000000,77726.17000000,77709.10000000,77709.10000000,0.83987000
2026-05-22 04:14:00,77709.10000000,77713.89000000,77709.10000000,77713.89000000,0.84258000
2026-05-22 04:15:00,77713.89000000,77754.84000000,77713.89000000,77754.84000000,2.15485000
2026-05-22 04:16:00,77754.84000000,77754.86000000,77710.41000000,77710.41000000,4.42940000
2026-05-22 04:17:00,77710.42000000,77710.42000000,77696.49000000,77696.49000000,2.99430000
2026-05-22 04:18:00,77696.50000000,77699.33000000,77686.10000000,77686.10000000,4.01897000
2026-05-22 04:19:00,77686.10000000,77697.11000000,77686.10000000,77697.10000000,0.83112000
2026-05-22 04:20:00,77697.11000000,77697.11000000,77697.10000000,77697.11000000,0.94488000
2026-05-22 04:21:00,77697.10000000,77714.84000000,77697.10000000,77714.84000000,0.80721000
2026-05-22 04:22:00,77714.83000000,77748.11000000,77714.83000000,77748.10000000,1.08040000
2026-05-22 04:23:00,77748.10000000,77767.52000000,77748.10000000,77767.51000000,1.54375000
2026-05-22 04:24:00,77767.52000000,77767.52000000,77754.15000000,77754.15000000,1.48912000
2026-05-22 04:25:00,77754.15000000,77755.00000000,77742.40000000,77755.00000000,1.69614000
2026-05-22 04:26:00,77755.00000000,77761.94000000,77754.99000000,77756.24000000,2.78141000
2026-05-22 04:27:00,77756.24000000,77770.67000000,77756.24000000,77759.27000000,1.29665000
2026-05-22 04:28:00,77759.28000000,77769.02000000,77759.27000000,77769.02000000,2.85255000
2026-05-22 04:29:00,77769.02000000,77794.92000000,77769.01000000,77794.91000000,2.01217000
2026-05-22 04:30:00,77794.91000000,77800.00000000,77765.70000000,77765.71000000,2.64609000
2026-05-22 04:31:00,77765.70000000,77765.71000000,77750.60000000,77750.60000000,2.17419000
2026-05-22 04:32:00,77750.61000000,77776.89000000,77750.60000000,77776.89000000,1.77861000
2026-05-22 04:33:00,77776.89000000,77799.61000000,77776.88000000,77799.61000000,1.90844000
2026-05-22 04:34:00,77799.62000000,77806.25000000,77799.61000000,77806.24000000,3.21461000
2026-05-22 04:35:00,77806.24000000,77806.25000000,77786.36000000,77786.36000000,3.09781000
2026-05-22 04:36:00,77786.36000000,77786.36000000,77769.70000000,77769.70000000,2.97527000
2026-05-22 04:37:00,77769.71000000,77799.98000000,77769.70000000,77782.51000000,4.83570000
2026-05-22 04:38:00,77782.51000000,77784.28000000,77769.20000000,77769.21000000,1.65243000
2026-05-22 04:39:00,77769.21000000,77790.62000000,77769.20000000,77790.61000000,3.16998000
2026-05-22 04:40:00,77790.62000000,77799.98000000,77790.61000000,77799.97000000,3.10119000
2026-05-22 04:41:00,77799.97000000,77800.00000000,77792.58000000,77800.00000000,2.42777000
2026-05-22 04:42:00,77800.00000000,77803.93000000,77797.73000000,77797.73000000,3.64416000
2026-05-22 04:43:00,77797.74000000,77797.88000000,77788.00000000,77788.01000000,1.37663000
2026-05-22 04:44:00,77788.01000000,77794.87000000,77787.13000000,77787.14000000,1.79484000
2026-05-22 04:45:00,77787.13000000,77787.14000000,77773.85000000,77784.42000000,2.61907000
2026-05-22 04:46:00,77784.42000000,77784.42000000,77777.93000000,77777.94000000,1.86309000
2026-05-22 04:47:00,77777.94000000,77784.42000000,77777.93000000,77784.41000000,0.71325000
2026-05-22 04:48:00,77784.42000000,77784.42000000,77784.41000000,77784.42000000,0.81655000
2026-05-22 04:49:00,77784.42000000,77788.53000000,77784.41000000,77784.42000000,12.74144000
2026-05-22 04:50:00,77784.42000000,77817.80000000,77784.41000000,77815.81000000,3.26575000
2026-05-22 04:51:00,77815.80000000,77815.80000000,77780.86000000,77780.87000000,4.88590000
2026-05-22 04:52:00,77780.87000000,77780.87000000,77748.65000000,77773.34000000,6.32829000
2026-05-22 04:53:00,77773.34000000,77773.53000000,77773.33000000,77773.52000000,0.73948000
2026-05-22 04:54:00,77773.53000000,77773.53000000,77773.52000000,77773.53000000,1.20456000
2026-05-22 04:55:00,77773.53000000,77780.00000000,77756.12000000,77756.13000000,4.45460000
2026-05-22 04:56:00,77756.13000000,77766.33000000,77756.13000000,77766.33000000,2.20541000
2026-05-22 04:57:00,77766.33000000,77776.79000000,77766.32000000,77776.79000000,1.77880000
2026-05-22 04:58:00,77776.79000000,77776.79000000,77768.56000000,77768.56000000,1.07356000
2026-05-22 04:59:00,77768.57000000,77779.98000000,77768.56000000,77779.98000000,5.77399000
2026-05-22 05:00:00,77779.98000000,77797.31000000,77779.98000000,77797.30000000,2.13690000
2026-05-22 05:01:00,77797.30000000,77797.31000000,77797.30000000,77797.31000000,1.31681000
2026-05-22 05:02:00,77797.30000000,77817.41000000,77797.30000000,77817.40000000,3.83903000
2026-05-22 05:03:00,77817.39000000,77817.40000000,77813.10000000,77813.11000000,3.52824000
2026-05-22 05:04:00,77813.10000000,77829.71000000,77813.10000000,77817.00000000,6.80132000
2026-05-22 05:05:00,77817.00000000,77829.71000000,77817.00000000,77829.71000000,2.97975000
2026-05-22 05:06:00,77829.71000000,77841.55000000,77829.70000000,77841.55000000,9.98933000
2026-05-22 05:07:00,77841.55000000,77861.88000000,77841.53000000,77858.80000000,28.51298000
2026-05-22 05:08:00,77858.80000000,77870.00000000,77856.00000000,77870.00000000,4.88966000
2026-05-22 05:09:00,77869.99000000,77876.70000000,77869.99000000,77876.69000000,3.88442000
2026-05-22 05:10:00,77876.69000000,77876.69000000,77860.90000000,77867.46000000,6.51342000
2026-05-22 05:11:00,77867.46000000,77879.67000000,77861.59000000,77865.17000000,7.68336000
2026-05-22 05:12:00,77865.16000000,77868.68000000,77865.16000000,77868.68000000,0.63070000
2026-05-22 05:13:00,77868.67000000,77868.68000000,77868.67000000,77868.68000000,0.46520000
2026-05-22 05:14:00,77868.68000000,77889.52000000,77868.67000000,77878.32000000,18.43144000
2026-05-22 05:15:00,77878.31000000,77900.00000000,77878.31000000,77882.53000000,2.94898000
2026-05-22 05:16:00,77882.53000000,77882.53000000,77851.61000000,77851.61000000,2.98988000
2026-05-22 05:17:00,77851.61000000,77851.61000000,77851.60000000,77851.61000000,0.75279000
2026-05-22 05:18:00,77851.61000000,77851.61000000,77806.72000000,77836.13000000,13.82133000
2026-05-22 05:19:00,77836.13000000,77840.00000000,77836.12000000,77839.99000000,1.05234000
2026-05-22 05:20:00,77839.99000000,77843.29000000,77836.28000000,77836.28000000,2.97510000
2026-05-22 05:21:00,77836.29000000,77863.62000000,77836.28000000,77863.62000000,4.88616000
2026-05-22 05:22:00,77863.61000000,77863.62000000,77831.60000000,77831.60000000,9.10872000
2026-05-22 05:23:00,77831.61000000,77831.61000000,77829.53000000,77829.54000000,1.77063000
2026-05-22 05:24:00,77829.54000000,77829.54000000,77802.00000000,77802.01000000,3.46901000
